
state={
	id=1130
	name="STATE_1130"
	provinces={
		80 442 642 737 767 1093 1174 1178 1264 1542 1736 2058 2201 2482 2594 2810 2855 2995 3033 3042 3091 3195 3393 3401 3473 3719 3861 3909 3937 3954 3958 4029 4078 4119 4142 4186 4266 4281 4618 4767 4948 4949 4983 5104 5297 5311 5338 5364 5472 5496 5509 5535 5636 5659 5679 5888 5917 6029 6074 6256 6288 6312 6334 6377 6415 6444 6446 6467 6594 6647 6709 6711 6849 6911 6960 7088 7114 7150 7229 7246 7347 7378 7384 7388 7414 7460 7503 7602 7982 8157 8186 8257 8271 8348 8477 8493 8576 8636 8657 8740 8852 8899 8954 8955 8988 9107 9113 9140 9175 9207 9223 9260 9374 9402 9407 9459 9485 9488 9597 9650 9670 9885 9895 11180 11190 11199 11219 11229 11255 11272 11278 11283 11298 11334 11338 11342 11358 11375 11387 11396 11407 11428 11450 11457 11470 11478 11491 11494 11495 11502 11505 11515 11518 11525 11526 11548 11561 11566 11577 11604 11609 11628 11636 11638 11642 11652 11661 11668 11681 11683 11687 11688 11691 11693 11697 11721 11725 11732 11743 11756 11757 11762 11765 11771 11772 11782 11783 11787 11801 11809 11818 11832 11844 11859 11860 11867 11879 11895 11902 11927 11928 11955 11978 12005 12016 12050 17385 
	}
	manpower=0
	buildings_max_level_factor=1.000
}
