
state={
	id=1223
	name="STATE_1223"
	provinces={
		25 45 207 293 412 812 848 1140 1237 1540 1699 1712 1783 1812 2086 2101 2176 2231 2359 2701 2772 2781 2786 2885 2968 3320 3343 3344 3347 3348 3383 3408 3410 3438 3469 3508 3540 3549 3551 3564 3576 3722 3734 3775 3868 3959 4116 4192 4221 4230 4261 4279 4445 4472 4521 4564 4597 4616 4709 4812 4857 4974 4994 5075 5111 5234 5323 5334 5345 5369 5405 5428 5471 5523 5526 5646 5652 5674 5750 5759 5762 5767 5794 5935 5990 5991 5997 6011 6108 6109 6114 6157 6217 6225 6236 6436 6454 6470 6482 6549 6600 6701 6725 6738 6798 6978 7072 7076 7211 7247 7302 7309 7486 7673 7677 7710 7726 7747 7775 7796 7798 7876 7927 7974 8019 8105 8276 8400 8433 8491 8506 8584 8599 8619 8632 8644 8723 8780 8840 8923 8990 9020 9073 9098 9145 9158 9214 9251 9258 9280 9354 9371 9377 9408 9428 9469 9483 9594 9608 9637 9725 9773 9830 9847 9891 9894 9907 12332 12376 12420 12449 12453 12471 12490 12507 12517 12522 12528 12544 12550 12553 12576 12582 12587 12601 12606 12621 12625 12639 12640 12651 12657 12659 12661 12669 12676 12677 12679 12689 12708 12714 12715 12719 12724 12727 12734 12741 12752 12753 12757 12767 12774 12788 12808 12833 12839 12848 12854 12857 12861 12867 12875 12876 12877 12879 12883 12885 12888 12891 12902 12909 12918 12920 12923 12925 12926 12927 12936 12959 12963 12964 12965 12966 12970 12972 12974 12981 12989 12996 13011 13012 13013 13019 13020 13037 13043 13052 13058 13060 13074 13090 13093 13101 13116 13124 13128 13136 13147 13149 13163 13165 13166 13167 13189 13194 13201 13226 13231 13232 13258 13263 13278 13284 13285 13286 13303 13322 13338 13353 13368 13390 13392 13576 13628 13799 13820 13847 13848 13881 13905 13906 13924 13931 13932 13949 17431 17434 17446 17447 17450 17451 17452 17453 17460 17473 
	}
	manpower=0
	buildings_max_level_factor=1.000
}
