state={
	id=1267
	name="STATE_1267"
	provinces={
		
 
 
  1  
  4  
  7  
  8  
  10  
  13  
  19  
  21  
  23  
  24  
  27  
  30  
  33  
  37  
  38  
  40  
  44  
  54  
  61  
  67  
  68  
  70  
  73  
  81  
  82  
  84  
  86  
  88  
  91  
  98  
  111  
  115  
  118  
  122  
  129  
  133  
  141  
  144  
  145  
  146  
  149  
  150  
  153  
  157  
  159  
  162  
  163  
  166  
  170  
  171  
  173  
  180  
  183  
  189  
  196  
  200  
  202  
  206  
  209  
  210  
  215  
  218  
  219  
  221  
  222  
  227  
  228  
  229  
  232  
  235  
  237  
  245  
  246  
  247  
  250  
  251  
  252  
  254  
  256  
  257  
  258  
  261  
  264  
  268  
  270  
  272  
  275  
  277  
  278  
  280  
  282  
  283  
  287  
  291  
  292  
  295  
  296  
  297  
  298  
  300  
  301  
  304  
  305  
  310  
  311  
  313  
  315  
  316  
  322  
  324  
  329  
  332  
  337  
  338  
  340  
  341  
  343  
  344  
  345  
  348  
  356  
  360  
  365  
  367  
  368  
  369  
  373  
  376  
  381  
  383  
  388  
  389  
  397  
  398  
  400  
  404  
  407  
  410  
  411  
  421  
  425  
  433  
  435  
  436  
  437  
  438  
  444  
  448  
  449  
  453  
  458  
  462  
  463  
  471  
  476  
  481  
  482  
  487  
  489  
  492  
  493  
  494  
  495  
  496  
  500  
  501  
  504  
  510  
  512  
  519  
  525  
  528  
  533  
  536  
  540  
  543  
  547  
  552  
  553  
  554  
  555  
  556  
  562  
  568  
  577  
  580  
  582  
  584  
  593  
  599  
  602  
  603  
  605  
  606  
  608  
  612  
  614  
  615  
  618  
  623  
  627  
  630  
  633  
  634  
  636  
  644  
  648  
  650  
  655  
  659  
  668  
  670  
  671  
  672  
  673  
  676  
  677  
  678  
  681  
  683  
  686  
  688  
  694  
  695  
  698  
  707  
  715  
  716  
  729  
  731  
  732  
  733  
  743  
  746  
  747  
  748  
  750  
  751  
  753  
  758  
  760  
  762  
  765  
  766  
  768  
  775  
  777  
  779  
  780  
  781  
  782  
  783  
  789  
  791  
  792  
  793  
  796  
  797  
  805  
  806  
  809  
  811  
  813  
  815  
  816  
  817  
  818  
  820  
  829  
  830  
  831  
  835  
  843  
  852  
  857  
  858  
  859  
  861  
  864  
  868  
  871  
  872  
  873  
  878  
  880  
  889  
  897  
  898  
  899  
  901  
  903  
  914  
  918  
  919  
  922  
  923  
  924  
  930  
  936  
  945  
  946  
  948  
  950  
  951  
  953  
  957  
  958  
  960  
  964  
  966  
  973  
  985  
  987  
  988  
  993  
  995  
  1000  
  1007  
  1012  
  1013  
  1022  
  1024  
  1030  
  1045  
  1046  
  1048  
  1054  
  1055  
  1060  
  1063  
  1067  
  1069  
  1075  
  1080  
  1085  
  1090  
  1094  
  1096  
  1098  
  1099  
  1100  
  1104  
  1106  
  1107  
  1109  
  1112  
  1115  
  1117  
  1124  
  1125  
  1126  
  1131  
  1132  
  1142  
  1144  
  1147  
  1153  
  1159  
  1162  
  1163  
  1166  
  1168  
  1169  
  1171  
  1181  
  1182  
  1184  
  1186  
  1187  
  1194  
  1196  
  1199  
  1201  
  1204  
  1206  
  1211  
  1213  
  1221  
  1227  
  1230  
  1233  
  1238  
  1239  
  1242  
  1244  
  1249  
  1251  
  1252  
  1257  
  1263  
  1265  
  1267  
  1288  
  1294  
  1297  
  1299  
  1301  
  1315  
  1318  
  1322  
  1324  
  1332  
  1335  
  1338  
  1339  
  1340  
  1342  
  1349  
  1352  
  1356  
  1358  
  1363  
  1364  
  1368  
  1372  
  1374  
  1381  
  1383  
  1384  
  1385  
  1386  
  1389  
  1390  
  1391  
  1393  
  1417  
  1418  
  1419  
  1433  
  1435  
  1436  
  1437  
  1438  
  1439  
  1440  
  1443  
  1444  
  1447  
  1452  
  1456  
  1457  
  1458  
  1462  
  1463  
  1464  
  1465  
  1467  
  1469  
  1474  
  1477  
  1479  
  1480  
  1489  
  1496  
  1498  
  1506  
  1507  
  1509  
  1510  
  1511  
  1512  
  1515  
  1516  
  1517  
  1526  
  1531  
  1533  
  1541  
  1545  
  1552  
  1553  
  1555  
  1558  
  1560  
  1561  
  1565  
  1567  
  1569  
  1573  
  1574  
  1580  
  1581  
  1594  
  1596  
  1597  
  1598  
  1601  
  1605  
  1607  
  1608  
  1610  
  1613  
  1617  
  1624  
  1627  
  1635  
  1636  
  1639  
  1640  
  1641  
  1642  
  1644  
  1648  
  1652  
  1655  
  1656  
  1657  
  1665  
  1667  
  1671  
  1672  
  1678  
  1682  
  1684  
  1685  
  1691  
  1692  
  1698  
  1703  
  1704  
  1705  
  1709  
  1715  
  1716  
  1722  
  1723  
  1725  
  1726  
  1727  
  1729  
  1731  
  1733  
  1743  
  1755  
  1756  
  1764  
  1766  
  1769  
  1772  
  1777  
  1780  
  1781  
  1784  
  1785  
  1789  
  1791  
  1792  
  1793  
  1795  
  1796  
  1797  
  1803  
  1805  
  1809  
  1813  
  1821  
  1823  
  1826  
  1832  
  1833  
  1839  
  1841  
  1845  
  1846  
  1851  
  1852  
  1854  
  1856  
  1858  
  1862  
  1871  
  1872  
  1873  
  1875  
  1882  
  1888  
  1889  
  1892  
  1897  
  1899  
  1900  
  1904  
  1911  
  1913  
  1917  
  1918  
  1923  
  1930  
  1932  
  1940  
  1943  
  1950  
  1951  
  1955  
  1965  
  1971  
  1972  
  1973  
  1974  
  1975  
  1979  
  1991  
  1993  
  1994  
  2003  
  2004  
  2008  
  2010  
  2012  
  2013  
  2014  
  2015  
  2018  
  2024  
  2025  
  2029  
  2030  
  2031  
  2034  
  2036  
  2038  
  2040  
  2041  
  2044  
  2054  
  2059  
  2064  
  2066  
  2069  
  2070  
  2076  
  2077  
  2078  
  2083  
  2087  
  2091  
  2094  
  2096  
  2100  
  2111  
  2112  
  2121  
  2124  
  2128  
  2135  
  2142  
  2144  
  2145  
  2147  
  2148  
  2153  
  2157  
  2158  
  2163  
  2164  
  2182  
  2185  
  2187  
  2190  
  2191  
  2192  
  2206  
  2213  
  2214  
  2217  
  2218  
  2219  
  2223  
  2235  
  2236  
  2244  
  2245  
  2247  
  2251  
  2252  
  2253  
  2254  
  2256  
  2257  
  2258  
  2264  
  2266  
  2272  
  2273  
  2293  
  2294  
  2301  
  2304  
  2307  
  2308  
  2309  
  2313  
  2316  
  2317  
  2322  
  2328  
  2330  
  2334  
  2339  
  2346  
  2347  
  2350  
  2353  
  2354  
  2355  
  2356  
  2358  
  2365  
  2366  
  2371  
  2372  
  2376  
  2378  
  2393  
  2394  
  2396  
  2401  
  2402  
  2404  
  2406  
  2411  
  2413  
  2416  
  2422  
  2423  
  2425  
  2427  
  2429  
  2432  
  2434  
  2448  
  2451  
  2457  
  2458  
  2460  
  2462  
  2466  
  2467  
  2472  
  2473  
  2475  
  2477  
  2478  
  2483  
  2485  
  2486  
  2490  
  2493  
  2495  
  2496  
  2499  
  2509  
  2510  
  2517  
  2523  
  2530  
  2531  
  2533  
  2535  
  2537  
  2540  
  2541  
  2545  
  2547  
  2548  
  2551  
  2553  
  2554  
  2561  
  2562  
  2564  
  2567  
  2574  
  2580  
  2592  
  2597  
  2598  
  2603  
  2604  
  2614  
  2615  
  2628  
  2631  
  2632  
  2633  
  2640  
  2641  
  2642  
  2643  
  2644  
  2645  
  2646  
  2651  
  2652  
  2653  
  2654  
  2657  
  2659  
  2660  
  2662  
  2664  
  2668  
  2679  
  2685  
  2691  
  2695  
  2702  
  2703  
  2705  
  2709  
  2719  
  2721  
  2725  
  2727  
  2730  
  2734  
  2739  
  2752  
  2753  
  2754  
  2755  
  2756  
  2762  
  2775  
  2776  
  2780  
  2784  
  2785  
  2794  
  2800  
  2803  
  2805  
  2807  
  2814  
  2821  
  2823  
  2825  
  2829  
  2831  
  2838  
  2839  
  2843  
  2847  
  2850  
  2853  
  2857  
  2862  
  2869  
  2870  
  2880  
  2881  
  2884  
  2889  
  2893  
  2900  
  2903  
  2904  
  2909  
  2911  
  2912  
  2913  
  2918  
  2923  
  2929  
  2947  
  2954  
  2957  
  2958  
  2960  
  2965  
  2970  
  2971  
  2972  
  2979  
  2982  
  2985  
  2991  
  2994  
  2997  
  3002  
  3009  
  3010  
  3015  
  3016  
  3018  
  3019  
  3021  
  3026  
  3032  
  3037  
  3041  
  3046  
  3048  
  3050  
  3052  
  3058  
  3059  
  3060  
  3061  
  3062  
  3066  
  3078  
  3081  
  3083  
  3086  
  3087  
  3088  
  3092  
  3095  
  3097  
  3099  
  3102  
  3104  
  3108  
  3109  
  3110  
  3118  
  3120  
  3130  
  3131  
  3132  
  3140  
  3145  
  3147  
  3148  
  3149  
  3151  
  3155  
  3158  
  3160  
  3163  
  3170  
  3179  
  3191  
  3194  
  3196  
  3201  
  3202  
  3204  
  3205  
  3206  
  3208  
  3211  
  3217  
  3220  
  3224  
  3227  
  3230  
  3233  
  3234  
  3236  
  3238  
  3246  
  3247  
  3251  
  3252  
  3256  
  3257  
  3264  
  3265  
  3266  
  3270  
  3275  
  3276  
  3277  
  3282  
  3287  
  3288  
  3293  
  3294  
  3297  
  3298  
  3301  
  3302  
  3304  
  3308  
  3312  
  3316  
  3319  
  3321  
  3323  
  3328  
  3333  
  3334  
  3337  
  3338  
  3341  
  3352  
  3356  
  3358  
  3363  
  3368  
  3371  
  3375  
  3376  
  3388  
  3392  
  3414  
  3416  
  3417  
  3422  
  3426  
  3427  
  3429  
  3430  
  3437  
  3439  
  3449  
  3453  
  3456  
  3463  
  3464  
  3466  
  3471  
  3472  
  3474  
  3476  
  3478  
  3482  
  3487  
  3489  
  3498  
  3499  
  3503  
  3507  
  3511  
  3512  
  3514  
  3515  
  3522  
  3525  
  3531  
  3537  
  3538  
  3541  
  3543  
  3544  
  3545  
  3546  
  3547  
  3548  
  3550  
  3553  
  3555  
  3557  
  3558  
  3561  
  3565  
  3566  
  3567  
  3570  
  3582  
  3585  
  3587  
  3591  
  3598  
  3601  
  3604  
  3605  
  3611  
  3613  
  3614  
  3619  
  3625  
  3628  
  3630  
  3637  
  3640  
  3648  
  3652  
  3655  
  3659  
  3672  
  3675  
  3680  
  3683  
  3695  
  3700  
  3704  
  3706  
  3709  
  3725  
  3729  
  3733  
  3741  
  3742  
  3748  
  3750  
  3752  
  3753  
  3754  
  3756  
  3757  
  3758  
  3760  
  3762  
  3768  
  3769  
  3770  
  3772  
  3777  
  3778  
  3783  
  3784  
  3788  
  3789  
  3791  
  3793  
  3799  
  3804  
  3805  
  3811  
  3812  
  3814  
  3817  
  3827  
  3829  
  3835  
  3836  
  3840  
  3842  
  3843  
  3846  
  3848  
  3852  
  3853  
  3856  
  3858  
  3859  
  3870  
  3877  
  3882  
  3883  
  3884  
  3887  
  3889  
  3891  
  3894  
  3895  
  3897  
  3899  
  3901  
  3905  
  3907  
  3910  
  3918  
  3921  
  3925  
  3929  
  3939  
  3943  
  3946  
  3948  
  3950  
  3952  
  3960  
  3962  
  3968  
  3973  
  3974  
  3982  
  3993  
  3994  
  4000  
  4001  
  4003  
  4005  
  4007  
  4009  
  4011  
  4023  
  4027  
  4033  
  4040  
  4041  
  4045  
  4046  
  4052  
  4055  
  4059  
  4060  
  4062  
  4075  
  4077  
  4080  
  4081  
  4082  
  4088  
  4091  
  4097  
  4098  
  4102  
  4105  
  4106  
  4107  
  4115  
  4117  
  4118  
  4127  
  4133  
  4134  
  4143  
  4144  
  4145  
  4147  
  4151  
  4152  
  4154  
  4160  
  4161  
  4164  
  4169  
  4173  
  4174  
  4175  
  4180  
  4189  
  4191  
  4193  
  4194  
  4202  
  4209  
  4210  
  4211  
  4213  
  4217  
  4222  
  4229  
  4234  
  4241  
  4242  
  4243  
  4245  
  4246  
  4247  
  4255  
  4256  
  4262  
  4267  
  4269  
  4271  
  4272  
  4273  
  4278  
  4285  
  4286  
  4287  
  4290  
  4291  
  4293  
  4303  
  4308  
  4310  
  4312  
  4315  
  4318  
  4320  
  4328  
  4335  
  4336  
  4341  
  4344  
  4346  
  4350  
  4359  
  4362  
  4364  
  4367  
  4369  
  4370  
  4372  
  4373  
  4375  
  4382  
  4384  
  4389  
  4394  
  4399  
  4403  
  4409  
  4412  
  4414  
  4416  
  4417  
  4418  
  4420  
  4423  
  4425  
  4426  
  4429  
  4430  
  4431  
  4437  
  4440  
  4442  
  4443  
  4467  
  4468  
  4481  
  4485  
  4495  
  4501  
  4509  
  4511  
  4516  
  4524  
  4525  
  4528  
  4534  
  4535  
  4540  
  4543  
  4548  
  4553  
  4559  
  4560  
  4561  
  4568  
  4570  
  4577  
  4579  
  4581  
  4585  
  4586  
  4587  
  4591  
  4602  
  4604  
  4613  
  4617  
  4624  
  4628  
  4630  
  4635  
  4636  
  4639  
  4644  
  4649  
  4652  
  4654  
  4656  
  4660  
  4661  
  4662  
  4663  
  4669  
  4670  
  4681  
  4682  
  4683  
  4684  
  4687  
  4688  
  4701  
  4704  
  4708  
  4723  
  4729  
  4730  
  4732  
  4735  
  4736  
  4737  
  4745  
  4746  
  4747  
  4748  
  4749  
  4752  
  4756  
  4763  
  4776  
  4780  
  4782  
  4790  
  4796  
  4798  
  4799  
  4802  
  4803  
  4809  
  4813  
  4816  
  4818  
  4825  
  4834  
  4837  
  4840  
  4842  
  4846  
  4851  
  4856  
  4867  
  4869  
  4870  
  4876  
  4880  
  4881  
  4882  
  4886  
  4892  
  4899  
  4901  
  4903  
  4909  
  4910  
  4913  
  4917  
  4918  
  4921  
  4923  
  4928  
  4930  
  4936  
  4944  
  4951  
  4952  
  4955  
  4967  
  4978  
  4984  
  4986  
  4988  
  4992  
  4995  
  4997  
  5006  
  5007  
  5010  
  5015  
  5019  
  5020  
  5029  
  5031  
  5039  
  5041  
  5042  
  5043  
  5047  
  5053  
  5055  
  5068  
  5073  
  5076  
  5077  
  5079  
  5083  
  5085  
  5086  
  5092  
  5099  
  5100  
  5101  
  5102  
  5103  
  5114  
  5118  
  5119  
  5122  
  5126  
  5127  
  5131  
  5133  
  5134  
  5135  
  5136  
  5139  
  5144  
  5148  
  5151  
  5153  
  5159  
  5172  
  5173  
  5180  
  5181  
  5182  
  5189  
  5191  
  5192  
  5196  
  5197  
  5198  
  5206  
  5207  
  5208  
  5209  
  5211  
  5220  
  5222  
  5225  
  5228  
  5229  
  5235  
  5240  
  5241  
  5244  
  5246  
  5249  
  5251  
  5253  
  5255  
  5256  
  5258  
  5260  
  5262  
  5266  
  5285  
  5286  
  5294  
  5295  
  5307  
  5308  
  5316  
  5317  
  5318  
  5321  
  5324  
  5327  
  5328  
  5331  
  5336  
  5337  
  5341  
  5351  
  5352  
  5354  
  5358  
  5360  
  5371  
  5376  
  5378  
  5379  
  5380  
  5381  
  5385  
  5388  
  5389  
  5392  
  5396  
  5400  
  5408  
  5421  
  5424  
  5433  
  5434  
  5436  
  5446  
  5449  
  5453  
  5458  
  5462  
  5464  
  5466  
  5475  
  5476  
  5477  
  5494  
  5497  
  5504  
  5506  
  5507  
  5510  
  5511  
  5516  
  5519  
  5529  
  5536  
  5541  
  5547  
  5548  
  5555  
  5563  
  5575  
  5579  
  5592  
  5599  
  5605  
  5607  
  5608  
  5609  
  5611  
  5613  
  5614  
  5625  
  5630  
  5632  
  5633  
  5642  
  5644  
  5647  
  5650  
  5668  
  5669  
  5677  
  5683  
  5685  
  5688  
  5690  
  5691  
  5693  
  5695  
  5706  
  5709  
  5716  
  5721  
  5724  
  5726  
  5727  
  5728  
  5729  
  5730  
  5755  
  5765  
  5766  
  5771  
  5773  
  5774  
  5778  
  5782  
  5784  
  5785  
  5786  
  5790  
  5796  
  5798  
  5807  
  5817  
  5822  
  5825  
  5831  
  5832  
  5837  
  5840  
  5843  
  5846  
  5851  
  5855  
  5856  
  5861  
  5863  
  5867  
  5873  
  5875  
  5878  
  5879  
  5885  
  5897  
  5901  
  5902  
  5907  
  5909  
  5912  
  5918  
  5926  
  5930  
  5936  
  5937  
  5940  
  5946  
  5951  
  5953  
  5959  
  5960  
  5962  
  5965  
  5970  
  5973  
  5985  
  5989  
  5998  
  6000  
  6012  
  6018  
  6023  
  6032  
  6033  
  6034  
  6039  
  6040  
  6059  
  6061  
  6062  
  6064  
  6065  
  6077  
  6090  
  6092  
  6099  
  6102  
  6105  
  6110  
  6111  
  6117  
  6118  
  6120  
  6132  
  6138  
  6139  
  6145  
  6146  
  6148  
  6153  
  6159  
  6161  
  6164  
  6166  
  6167  
  6177  
  6180  
  6181  
  6184  
  6187  
  6188  
  6190  
  6191  
  6195  
  6198  
  6201  
  6206  
  6213  
  6220  
  6240  
  6243  
  6244  
  6245  
  6257  
  6260  
  6264  
  6269  
  6270  
  6274  
  6279  
  6281  
  6291  
  6293  
  6294  
  6300  
  6301  
  6310  
  6318  
  6324  
  6325  
  6328  
  6332  
  6338  
  6348  
  6353  
  6354  
  6357  
  6362  
  6363  
  6371  
  6380  
  6385  
  6387  
  6389  
  6394  
  6399  
  6408  
  6409  
  6410  
  6411  
  6416  
  6419  
  6423  
  6432  
  6435  
  6437  
  6448  
  6449  
  6450  
  6455  
  6469  
  6475  
  6478  
  6481  
  6489  
  6491  
  6499  
  6502  
  6503  
  6505  
  6506  
  6511  
  6512  
  6513  
  6518  
  6527  
  6535  
  6538  
  6539  
  6543  
  6551  
  6554  
  6555  
  6557  
  6558  
  6560  
  6564  
  6568  
  6581  
  6582  
  6583  
  6589  
  6591  
  6592  
  6597  
  6598  
  6602  
  6604  
  6609  
  6617  
  6625  
  6630  
  6631  
  6633  
  6642  
  6643  
  6644  
  6646  
  6648  
  6649  
  6658  
  6660  
  6670  
  6680  
  6692  
  6693  
  6694  
  6697  
  6698  
  6699  
  6706  
  6707  
  6710  
  6715  
  6723  
  6727  
  6732  
  6740  
  6742  
  6747  
  6750  
  6753  
  6766  
  6767  
  6777  
  6789  
  6790  
  6795  
  6803  
  6808  
  6812  
  6837  
  6839  
  6842  
  6843  
  6845  
  6847  
  6853  
  6854  
  6857  
  6863  
  6871  
  6876  
  6882  
  6884  
  6885  
  6886  
  6894  
  6896  
  6903  
  6907  
  6916  
  6919  
  6925  
  6931  
  6932  
  6934  
  6937  
  6938  
  6940  
  6941  
  6944  
  6945  
  6946  
  6953  
  6955  
  6956  
  6964  
  6968  
  6970  
  6974  
  6976  
  6980  
  6985  
  6987  
  6990  
  6992  
  6995  
  6998  
  7000  
  7007  
  7012  
  7014  
  7015  
  7018  
  7020  
  7021  
  7022  
  7024  
  7025  
  7035  
  7050  
  7055  
  7056  
  7057  
  7061  
  7066  
  7071  
  7074  
  7075  
  7077  
  7082  
  7087  
  7094  
  7100  
  7103  
  7105  
  7109  
  7112  
  7113  
  7116  
  7118  
  7134  
  7141  
  7145  
  7154  
  7155  
  7158  
  7160  
  7163  
  7164  
  7171  
  7173  
  7176  
  7181  
  7183  
  7186  
  7189  
  7190  
  7192  
  7194  
  7195  
  7196  
  7199  
  7202  
  7209  
  7213  
  7215  
  7216  
  7218  
  7222  
  7226  
  7234  
  7239  
  7240  
  7243  
  7249  
  7254  
  7255  
  7267  
  7268  
  7281  
  7283  
  7286  
  7289  
  7290  
  7294  
  7300  
  7306  
  7307  
  7312  
  7326  
  7331  
  7342  
  7352  
  7353  
  7358  
  7372  
  7373  
  7380  
  7383  
  7389  
  7397  
  7400  
  7405  
  7409  
  7412  
  7415  
  7416  
  7419  
  7426  
  7432  
  7434  
  7437  
  7438  
  7443  
  7447  
  7449  
  7457  
  7458  
  7464  
  7468  
  7470  
  7471  
  7477  
  7481  
  7484  
  7487  
  7495  
  7498  
  7506  
  7507  
  7512  
  7519  
  7521  
  7530  
  7531  
  7533  
  7541  
  7547  
  7548  
  7551  
  7558  
  7561  
  7565  
  7570  
  7575  
  7578  
  7579  
  7580  
  7592  
  7595  
  7596  
  7597  
  7599  
  7606  
  7610  
  7615  
  7620  
  7629  
  7630  
  7636  
  7643  
  7646  
  7654  
  7655  
  7658  
  7662  
  7663  
  7680  
  7684  
  7685  
  7688  
  7694  
  7695  
  7698  
  7701  
  7707  
  7709  
  7711  
  7712  
  7729  
  7734  
  7739  
  7749  
  7756  
  7758  
  7759  
  7764  
  7769  
  7770  
  7771  
  7773  
  7774  
  7778  
  7779  
  7780  
  7782  
  7795  
  7803  
  7804  
  7810  
  7811  
  7812  
  7828  
  7830  
  7831  
  7833  
  7842  
  7850  
  7855  
  7856  
  7863  
  7866  
  7872  
  7874  
  7880  
  7886  
  7891  
  7892  
  7894  
  7896  
  7911  
  7913  
  7915  
  7917  
  7918  
  7924  
  7925  
  7935  
  7936  
  7940  
  7944  
  7948  
  7952  
  7964  
  7965  
  7975  
  7989  
  7993  
  8000  
  8001  
  8002  
  8013  
  8034  
  8037  
  8044  
  8059  
  8060  
  8062  
  8063  
  8066  
  8072  
  8074  
  8078  
  8079  
  8084  
  8085  
  8094  
  8101  
  8103  
  8108  
  8118  
  8121  
  8122  
  8138  
  8142  
  8145  
  8146  
  8151  
  8154  
  8155  
  8160  
  8163  
  8170  
  8173  
  8176  
  8195  
  8196  
  8199  
  8201  
  8209  
  8211  
  8216  
  8219  
  8228  
  8232  
  8233  
  8235  
  8243  
  8244  
  8254  
  8274  
  8277  
  8280  
  8297  
  8298  
  8302  
  8307  
  8309  
  8312  
  8316  
  8328  
  8343  
  8353  
  8360  
  8364  
  8370  
  8373  
  8375  
  8378  
  8380  
  8386  
  8387  
  8388  
  8399  
  8404  
  8412  
  8413  
  8414  
  8419  
  8422  
  8432  
  8437  
  8439  
  8441  
  8453  
  8456  
  8460  
  8467  
  8473  
  8481  
  8482  
  8484  
  8485  
  8488  
  8500  
  8503  
  8507  
  8509  
  8511  
  8514  
  8520  
  8537  
  8543  
  8552  
  8560  
  8568  
  8575  
  8578  
  8579  
  8586  
  8587  
  8588  
  8596  
  8601  
  8606  
  8613  
  8615  
  8617  
  8622  
  8623  
  8624  
  8625  
  8627  
  8629  
  8631  
  8634  
  8643  
  8651  
  8653  
  8654  
  8664  
  8665  
  8674  
  8675  
  8677  
  8685  
  8687  
  8689  
  8698  
  8699  
  8706  
  8709  
  8712  
  8716  
  8721  
  8726  
  8738  
  8739  
  8743  
  8744  
  8746  
  8747  
  8750  
  8754  
  8757  
  8762  
  8765  
  8767  
  8768  
  8776  
  8777  
  8784  
  8787  
  8789  
  8794  
  8799  
  8810  
  8816  
  8817  
  8821  
  8827  
  8831  
  8832  
  8838  
  8843  
  8849  
  8865  
  8873  
  8878  
  8884  
  8889  
  8891  
  8896  
  8897  
  8911  
  8927  
  8930  
  8934  
  8947  
  8951  
  8967  
  8972  
  8976  
  8977  
  8979  
  8981  
  8983  
  8987  
  8993  
  9005  
  9017  
  9019  
  9039  
  9040  
  9042  
  9043  
  9044  
  9047  
  9052  
  9054  
  9061  
  9065  
  9066  
  9067  
  9069  
  9070  
  9074  
  9077  
  9078  
  9082  
  9083  
  9089  
  9092  
  9094  
  9096  
  9097  
  9104  
  9116  
  9123  
  9146  
  9149  
  9151  
  9152  
  9155  
  9161  
  9162  
  9170  
  9172  
  9184  
  9200  
  9201  
  9212  
  9216  
  9219  
  9222  
  9229  
  9239  
  9248  
  9249  
  9253  
  9262  
  9268  
  9272  
  9279  
  9286  
  9294  
  9305  
  9321  
  9322  
  9324  
  9337  
  9343  
  9347  
  9360  
  9379  
  9385  
  9388  
  9390  
  9409  
  9413  
  9416  
  9417  
  9425  
  9427  
  9429  
  9430  
  9431  
  9433  
  9441  
  9448  
  9453  
  9462  
  9463  
  9464  
  9465  
  9467  
  9476  
  9486  
  9490  
  9503  
  9507  
  9514  
  9516  
  9517  
  9521  
  9531  
  9537  
  9545  
  9551  
  9552  
  9562  
  9567  
  9577  
  9590  
  9592  
  9601  
  9606  
  9607  
  9609  
  9611  
  9616  
  9622  
  9623  
  9624  
  9639  
  9651  
  9652  
  9661  
  9662  
  9668  
  9674  
  9681  
  9682  
  9690  
  9695  
  9698  
  9711  
  9722  
  9724  
  9730  
  9744  
  9745  
  9746  
  9751  
  9755  
  9759  
  9763  
  9769  
  9771  
  9777  
  9786  
  9796  
  9799  
  9812  
  9817  
  9818  
  9819  
  9820  
  9824  
  9831  
  9833  
  9835  
  9838  
  9844  
  9845  
  9856  
  9861  
  9866  
  9892  
  9893  
  9896  
  9900  
  9902  
  9904  
  9910  
  9912  
  9913  
  9914  
  9915  
  9916  
  9917  
  9918  
  9919  
  9920  
  9921  
  9922  
  9923  
  9924  
  9925  
  9926  
  9927  
  9928  
  9929  
  9930  
  9931  
  9932  
  9934  
  9935  
  9936  
  9937  
  9938  
  9939  
  9940  
  9941  
  9943  
  9944  
  9945  
  9946  
  9948  
  9949  
  9950  
  9951  
  9953  
  9954  
  9955  
  9957  
  9958  
  9959  
  9960  
  9961  
  9963  
  9964  
  9965  
  9970  
  9971  
  9974  
  9975  
  9976  
  9977  
  9978  
  9979  
  9981  
  9982  
  9983  
  9984  
  9985  
  9986  
  9987  
  9988  
  9991  
  9992  
  9995  
  9998  
  9999  
  10001  
  10003  
  10006  
  10009  
  10010  
  10011  
  10013  
  10015  
  10019  
  10021  
  10022  
  10023  
  10025  
  10026  
  10028  
  10030  
  10032  
  10033  
  10035  
  10038  
  10039  
  10043  
  10044  
  10045  
  10047  
  10048  
  10049  
  10050  
  10051  
  10052  
  10055  
  10056  
  10058  
  10059  
  10060  
  10061  
  10064  
  10065  
  10066  
  10069  
  10073  
  10075  
  10077  
  10081  
  10082  
  10083  
  10084  
  10085  
  10086  
  10092  
  10094  
  10097  
  10098  
  10099  
  10100  
  10101  
  10103  
  10109  
  10111  
  10113  
  10114  
  10116  
  10117  
  10120  
  10122  
  10125  
  10126  
  10127  
  10128  
  10129  
  10132  
  10134  
  10135  
  10136  
  10137  
  10139  
  10141  
  10143  
  10145  
  10148  
  10152  
  10153  
  10155  
  10156  
  10157  
  10158  
  10159  
  10161  
  10163  
  10164  
  10170  
  10171  
  10174  
  10176  
  10177  
  10179  
  10180  
  10182  
  10183  
  10185  
  10186  
  10187  
  10188  
  10192  
  10193  
  10198  
  10199  
  10201  
  10202  
  10203  
  10206  
  10208  
  10211  
  10213  
  10214  
  10217  
  10220  
  10221  
  10223  
  10224  
  10225  
  10226  
  10227  
  10229  
  10231  
  10232  
  10233  
  10234  
  10236  
  10237  
  10242  
  10247  
  10248  
  10250  
  10253  
  10254  
  10255  
  10256  
  10257  
  10258  
  10265  
  10266  
  10267  
  10268  
  10270  
  10271  
  10273  
  10274  
  10275  
  10280  
  10281  
  10283  
  10286  
  10287  
  10288  
  10292  
  10294  
  10297  
  10298  
  10299  
  10302  
  10303  
  10305  
  10306  
  10310  
  10312  
  10313  
  10314  
  10316  
  10317  
  10319  
  10321  
  10322  
  10324  
  10325  
  10326  
  10327  
  10328  
  10330  
  10331  
  10332  
  10333  
  10339  
  10340  
  10341  
  10342  
  10343  
  10345  
  10346  
  10347  
  10350  
  10351  
  10352  
  10356  
  10357  
  10358  
  10359  
  10361  
  10362  
  10363  
  10364  
  10365  
  10366  
  10371  
  10373  
  10374  
  10376  
  10377  
  10379  
  10380  
  10381  
  10382  
  10383  
  10384  
  10386  
  10389  
  10390  
  10393  
  10397  
  10399  
  10402  
  10403  
  10404  
  10407  
  10408  
  10410  
  10411  
  10412  
  10414  
  10415  
  10416  
  10417  
  10422  
  10423  
  10427  
  10428  
  10431  
  10432  
  10433  
  10435  
  10438  
  10439  
  10443  
  10451  
  10452  
  10453  
  10456  
  10457  
  10458  
  10468  
  10473  
  10474  
  10475  
  10476  
  10479  
  10481  
  10486  
  10487  
  10490  
  10498  
  10499  
  10503  
  10506  
  10507  
  10511  
  10514  
  10515  
  10527  
  10530  
  10533  
  10536  
  10537  
  10541  
  10542  
  10548  
  10549  
  10551  
  10552  
  10553  
  10555  
  10557  
  10558  
  10563  
  10564  
  10568  
  10569  
  10571  
  10579  
  10580  
  10585  
  10586  
  10589  
  10590  
  10594  
  10596  
  10600  
  10601  
  10602  
  10605  
  10606  
  10614  
  10615  
  10616  
  10628  
  10634  
  10638  
  10640  
  10645  
  10650  
  10651  
  10654  
  10657  
  10667  
  10673  
  10676  
  10679  
  10683  
  10684  
  10691  
  10692  
  10705  
  10706  
  10710  
  10711  
  10714  
  10717  
  10724  
  10740  
  10745  
  10750  
  10761  
  10770  
  10775  
  10795  
  10804  
  10805  
  10807  
  10813  
  10818  
  10819  
  10834  
  10836  
  10839  
  10849  
  10867  
  10879  
  10891  
  10897  
  10898  
  10904  
  10914  
  10941  
  10960  
  10963  
  10968  
  10970  
  10971  
  10987  
  10993  
  11007  
  11018  
  11035  
  11050  
  11055  
  11057  
  11064  
  11066  
  11080  
  11085  
  11092  
  11093  
  11097  
  11105  
  11107  
  11113  
  11114  
  11143  
  11152  
  11165  
  11169  
  11195  
  11200  
  11210  
  11224  
  11228  
  11245  
  11256  
  11275  
  11319  
  11394  
  11409  
  11415  
  11418  
  11429  
  11441  
  11453  
  11465  
  11522  
  11530  
  11553  
  11567  
  11613  
  11623  
  11626  
  11645  
  11649  
  11657  
  11662  
  11666  
  11672  
  11673  
  11685  
  11690  
  11695  
  11700  
  11708  
  11711  
  11712  
  11717  
  11719  
  11726  
  11731  
  11737  
  11742  
  11746  
  11768  
  11794  
  11795  
  11827  
  11837  
  11842  
  11851  
  11863  
  11865  
  11870  
  11874  
  11876  
  11885  
  11899  
  11906  
  11907  
  11915  
  11919  
  11920  
  11921  
  11931  
  11939  
  11944  
  11949  
  11959  
  11967  
  11968  
  11986  
  11992  
  11993  
  11994  
  12004  
  12008  
  12010  
  12019  
  12033  
  12035  
  12054  
  12055  
  12058  
  12059  
  12061  
  12062  
  12073  
  12079  
  12080  
  12083  
  12093  
  12094  
  12097  
  12101  
  12106  
  12110  
  12111  
  12119  
  12123  
  12129  
  12131  
  12132  
  12136  
  12140  
  12145  
  12149  
  12150  
  12165  
  12167  
  12173  
  12183  
  12187  
  12192  
  12193  
  12194  
  12196  
  12201  
  12211  
  12220  
  12236  
  12240  
  12244  
  12249  
  12253  
  12256  
  12260  
  12261  
  12274  
  12275  
  12276  
  12289  
  12291  
  12296  
  12297  
  12304  
  12305  
  12310  
  12317  
  12323  
  12324  
  12330  
  12331  
  12341  
  12345  
  12355  
  12360  
  12361  
  12370  
  12373  
  12385  
  12390  
  12391  
  12396  
  12401  
  12402  
  12408  
  12412  
  12421  
  12426  
  12428  
  12429  
  12436  
  12439  
  12441  
  12443  
  12450  
  12451  
  12461  
  12466  
  12474  
  12475  
  12481  
  12482  
  12484  
  12485  
  12489  
  12492  
  12493  
  12500  
  12501  
  12502  
  12514  
  12521  
  12523  
  12529  
  12530  
  12535  
  12536  
  12548  
  12562  
  12563  
  12574  
  12575  
  12580  
  12591  
  12595  
  12596  
  12598  
  12599  
  12603  
  12604  
  12618  
  12619  
  12630  
  12649  
  12650  
  12673  
  12674  
  12675  
  12683  
  12684  
  12691  
  12699  
  12710  
  12711  
  12712  
  12716  
  12717  
  12721  
  12726  
  12731  
  12745  
  12755  
  12758  
  12769  
  12771  
  12773  
  12779  
  12782  
  12790  
  12791  
  12800  
  12803  
  12814  
  12815  
  12816  
  12826  
  12835  
  12836  
  12837  
  12843  
  12844  
  12847  
  12849  
  12850  
  12855  
  12856  
  12858  
  12862  
  12881  
  12893  
  12900  
  12901  
  12911  
  12921  
  12930  
  12934  
  12938  
  12942  
  12953  
  12954  
  12979  
  12982  
  12983  
  12993  
  12998  
  13016  
  13024  
  13025  
  13040  
  13051  
  13059  
  13062  
  13063  
  13069  
  13079  
  13080  
  13083  
  13094  
  13097  
  13105  
  13110  
  13143  
  13164  
  13170  
  13178  
  13199  
  13200  
  13207  
  13209  
  13223  
  13233  
  13235  
  13256  
  13259  
  13277  
  13287  
  13299  
  13304  
  13312  
  13344  
  13350  
  13378  
  13381  
  13402  
  13409  
  13425  
  13432  
  13451  
  13460  
  13473  
  13482  
  13487  
  13511  
  13514  
  13566  
  13578  
  13579  
  13588  
  13600  
  13609  
  13621  
  13622  
  13632  
  13633  
  13634  
  13637  
  13645  
  13666  
  13685  
  13690  
  13696  
  13705  
  13725  
  13736  
  13743  
  13763  
  13784  
  13785  
  13789  
  13806  
  13813  
  13826  
  13838  
  13855  
  13868  
  13876  
  13884  
  13890  
  13901  
  13902  
  13912  
  13945  
  13951  
  13976  
  13994  
  13995  
  14004  
  14009  
  14030  
  14033  
  14039  
  14052  
  14063  
  14068  
  14071  
  14074  
  14102  
  14103  
  14107  
  14109  
  14110  
  14122  
  14131  
  14138  
  14142  
  14144  
  14145  
  14146  
  14154  
  14160  
  14174  
  14182  
  14207  
  14215  
  14218  
  14233  
  14235  
  14259  
  14270  
  14273  
  14276  
  14279  
  14292  
  14301  
  14324  
  14330  
  14331  
  14336  
  14350  
  14369  
  14372  
  14384  
  14393  
  14411  
  14423  
  14427  
  14438  
  14439  
  14448  
  14450  
  14462  
  14465  
  14471  
  14479  
  14484  
  14492  
  14493  
  14495  
  14497  
  14513  
  14534  
  14538  
  14542  
  14580  
  15047  
  15070  
  15072  
  15073  
  15074  
  15075  
  15142  

 234
4024 
8217
8331
8939
9837
11388 
11399
11461

  5     
  6     
  9     
  17     
  18     
  20     
  26     
  34     
  36     
  39     
  43     
  46     
  49     
  51     
  53     
  56     
  57     
  62     
  65     
  71     
  75     
  76     
  77     
  79     
  83     
  87     
  90     
  92     
  95     
  96     
  97     
  99     
  101     
  103     
  107     
  109     
  110     
  114     
  117     
  119     
  123     
  126     
  127     
  128     
  132     
  140     
  142     
  152     
  155     
  156     
  161     
  167     
  168     
  174     
  177     
  178     
  185     
  187     
  188     
  191     
  197     
  203     
  204     
  214     
  217     
  220     
  230     
  238     
  242     
  243     
  244     
  249     
  262     
  265     
  273     
  274     
  276     
  279     
  281     
  286     
  308     
  309     
  317     
  320     
  325     
  330     
  334     
  339     
  349     
  352     
  355     
  361     
  362     
  363     
  370     
  372     
  385     
  386     
  391     
  393     
  399     
  401     
  414     
  415     
  416     
  417     
  419     
  422     
  424     
  429     
  431     
  432     
  439     
  441     
  446     
  456     
  457     
  461     
  466     
  468     
  470     
  478     
  479     
  480     
  486     
  490     
  491     
  497     
  498     
  499     
  503     
  506     
  507     
  516     
  521     
  524     
  527     
  531     
  534     
  537     
  538     
  541     
  545     
  550     
  551     
  558     
  559     
  563     
  565     
  569     
  570     
  572     
  574     
  576     
  579     
  583     
  585     
  587     
  591     
  594     
  595     
  597     
  600     
  604     
  607     
  610     
  622     
  625     
  626     
  631     
  635     
  638     
  639     
  640     
  649     
  651     
  660     
  662     
  663     
  664     
  665     
  666     
  669     
  675     
  685     
  693     
  699     
  700     
  702     
  705     
  709     
  718     
  719     
  726     
  728     
  730     
  738     
  749     
  752     
  754     
  759     
  761     
  771     
  772     
  776     
  778     
  785     
  786     
  788     
  794     
  800     
  801     
  808     
  810     
  819     
  821     
  822     
  823     
  824     
  834     
  838     
  839     
  841     
  842     
  844     
  846     
  851     
  853     
  854     
  860     
  862     
  863     
  865     
  869     
  870     
  874     
  875     
  876     
  882     
  883     
  886     
  890     
  892     
  894     
  895     
  905     
  906     
  907     
  911     
  912     
  913     
  916     
  917     
  927     
  928     
  931     
  932     
  937     
  939     
  942     
  952     
  956     
  961     
  965     
  971     
  976     
  977     
  978     
  981     
  982     
  984     
  989     
  992     
  994     
  998     
  1003     
  1004     
  1008     
  1011     
  1016     
  1017     
  1018     
  1020     
  1034     
  1044     
  1047     
  1049     
  1050     
  1056     
  1059     
  1071     
  1081     
  1083     
  1087     
  1088     
  1089     
  1102     
  1108     
  1113     
  1118     
  1119     
  1122     
  1123     
  1127     
  1129     
  1135     
  1136     
  1137     
  1138     
  1141     
  1143     
  1149     
  1150     
  1156     
  1160     
  1164     
  1176     
  1180     
  1189     
  1193     
  1198     
  1203     
  1208     
  1212     
  1219     
  1220     
  1222     
  1223     
  1231     
  1234     
  1235     
  1236     
  1241     
  1246     
  1248     
  1255     
  1259     
  1261     
  1262     
  1266     
  1268     
  1270     
  1271     
  1274     
  1277     
  1281     
  1282     
  1284     
  1286     
  1287     
  1289     
  1293     
  1296     
  1303     
  1306     
  1309     
  1311     
  1312     
  1313     
  1314     
  1317     
  1319     
  1320     
  1326     
  1329     
  1331     
  1341     
  1343     
  1348     
  1353     
  1355     
  1361     
  1362     
  1365     
  1370     
  1373     
  1377     
  1378     
  1379     
  1382     
  1392     
  1395     
  1396     
  1398     
  1400     
  1405     
  1406     
  1408     
  1409     
  1410     
  1415     
  1422     
  1425     
  1441     
  1442     
  1445     
  1448     
  1450     
  1453     
  1470     
  1475     
  1482     
  1483     
  1491     
  1492     
  1494     
  1495     
  1501     
  1504     
  1508     
  1520     
  1521     
  1524     
  1528     
  1532     
  1534     
  1535     
  1543     
  1551     
  1563     
  1564     
  1571     
  1575     
  1583     
  1585     
  1586     
  1587     
  1588     
  1592     
  1599     
  1600     
  1604     
  1611     
  1612     
  1615     
  1616     
  1619     
  1622     
  1625     
  1630     
  1634     
  1637     
  1638     
  1647     
  1653     
  1659     
  1661     
  1663     
  1669     
  1670     
  1674     
  1681     
  1683     
  1687     
  1688     
  1689     
  1693     
  1696     
  1697     
  1706     
  1711     
  1717     
  1732     
  1734     
  1735     
  1737     
  1742     
  1744     
  1745     
  1747     
  1748     
  1752     
  1754     
  1759     
  1760     
  1762     
  1763     
  1771     
  1776     
  1778     
  1786     
  1787     
  1794     
  1798     
  1800     
  1804     
  1811     
  1817     
  1818     
  1819     
  1820     
  1825     
  1827     
  1829     
  1831     
  1834     
  1835     
  1838     
  1843     
  1844     
  1847     
  1849     
  1859     
  1860     
  1864     
  1869     
  1870     
  1881     
  1887     
  1891     
  1893     
  1895     
  1902     
  1907     
  1909     
  1925     
  1926     
  1935     
  1936     
  1937     
  1939     
  1945     
  1946     
  1947     
  1948     
  1949     
  1957     
  1959     
  1968     
  1970     
  1977     
  1978     
  1980     
  1981     
  1982     
  1985     
  1986     
  1988     
  1989     
  1990     
  1996     
  1997     
  1998     
  2000     
  2001     
  2002     
  2022     
  2028     
  2032     
  2033     
  2043     
  2045     
  2047     
  2048     
  2050     
  2053     
  2060     
  2071     
  2072     
  2079     
  2080     
  2082     
  2089     
  2093     
  2097     
  2098     
  2107     
  2113     
  2120     
  2123     
  2125     
  2126     
  2129     
  2130     
  2132     
  2133     
  2136     
  2137     
  2139     
  2143     
  2146     
  2150     
  2152     
  2155     
  2156     
  2167     
  2170     
  2173     
  2184     
  2186     
  2194     
  2195     
  2196     
  2197     
  2199     
  2200     
  2203     
  2207     
  2208     
  2209     
  2210     
  2212     
  2216     
  2221     
  2234     
  2237     
  2239     
  2250     
  2260     
  2274     
  2278     
  2279     
  2285     
  2287     
  2288     
  2289     
  2290     
  2292     
  2295     
  2296     
  2297     
  2298     
  2300     
  2305     
  2311     
  2314     
  2315     
  2319     
  2320     
  2323     
  2324     
  2329     
  2331     
  2333     
  2337     
  2338     
  2341     
  2342     
  2345     
  2348     
  2351     
  2363     
  2364     
  2369     
  2374     
  2380     
  2381     
  2382     
  2387     
  2389     
  2392     
  2395     
  2398     
  2400     
  2403     
  2407     
  2415     
  2417     
  2420     
  2421     
  2433     
  2435     
  2437     
  2439     
  2443     
  2444     
  2445     
  2446     
  2449     
  2450     
  2453     
  2455     
  2469     
  2474     
  2476     
  2480     
  2481     
  2488     
  2491     
  2492     
  2498     
  2501     
  2503     
  2505     
  2511     
  2512     
  2514     
  2515     
  2516     
  2519     
  2525     
  2528     
  2534     
  2550     
  2552     
  2555     
  2556     
  2565     
  2566     
  2568     
  2572     
  2576     
  2581     
  2585     
  2588     
  2600     
  2606     
  2612     
  2617     
  2619     
  2620     
  2622     
  2627     
  2634     
  2635     
  2638     
  2647     
  2648     
  2650     
  2655     
  2656     
  2658     
  2673     
  2674     
  2677     
  2678     
  2684     
  2686     
  2687     
  2688     
  2689     
  2692     
  2698     
  2704     
  2707     
  2708     
  2715     
  2722     
  2723     
  2724     
  2726     
  2728     
  2731     
  2736     
  2744     
  2758     
  2760     
  2770     
  2771     
  2773     
  2779     
  2782     
  2791     
  2793     
  2796     
  2799     
  2802     
  2806     
  2809     
  2811     
  2812     
  2818     
  2819     
  2824     
  2828     
  2830     
  2834     
  2835     
  2845     
  2849     
  2851     
  2852     
  2854     
  2860     
  2864     
  2868     
  2874     
  2879     
  2882     
  2886     
  2888     
  2897     
  2902     
  2905     
  2906     
  2908     
  2910     
  2915     
  2916     
  2922     
  2926     
  2930     
  2931     
  2933     
  2941     
  2943     
  2945     
  2948     
  2949     
  2951     
  2962     
  2964     
  2966     
  2975     
  2976     
  2986     
  2987     
  2989     
  3006     
  3007     
  3012     
  3013     
  3017     
  3020     
  3027     
  3030     
  3031     
  3034     
  3035     
  3040     
  3043     
  3045     
  3068     
  3069     
  3075     
  3082     
  3084     
  3089     
  3090     
  3098     
  3100     
  3101     
  3103     
  3112     
  3114     
  3124     
  3125     
  3128     
  3134     
  3135     
  3137     
  3143     
  3144     
  3146     
  3157     
  3159     
  3166     
  3169     
  3174     
  3175     
  3182     
  3184     
  3185     
  3188     
  3192     
  3198     
  3203     
  3207     
  3216     
  3223     
  3235     
  3240     
  3241     
  3242     
  3250     
  3254     
  3258     
  3260     
  3267     
  3285     
  3286     
  3289     
  3290     
  3299     
  3311     
  3313     
  3314     
  3322     
  3329     
  3330     
  3339     
  3342     
  3345     
  3351     
  3353     
  3355     
  3359     
  3360     
  3362     
  3365     
  3366     
  3373     
  3380     
  3386     
  3389     
  3395     
  3396     
  3400     
  3402     
  3404     
  3409     
  3411     
  3412     
  3413     
  3418     
  3423     
  3424     
  3425     
  3432     
  3433     
  3434     
  3435     
  3441     
  3444     
  3448     
  3450     
  3451     
  3454     
  3455     
  3459     
  3460     
  3461     
  3468     
  3475     
  3479     
  3480     
  3481     
  3483     
  3488     
  3492     
  3493     
  3494     
  3513     
  3518     
  3523     
  3524     
  3526     
  3530     
  3532     
  3559     
  3562     
  3563     
  3568     
  3571     
  3572     
  3579     
  3586     
  3588     
  3589     
  3593     
  3595     
  3596     
  3600     
  3607     
  3609     
  3610     
  3618     
  3621     
  3623     
  3632     
  3633     
  3634     
  3636     
  3639     
  3645     
  3646     
  3650     
  3651     
  3653     
  3657     
  3658     
  3662     
  3663     
  3666     
  3669     
  3679     
  3684     
  3685     
  3687     
  3688     
  3689     
  3690     
  3694     
  3696     
  3697     
  3703     
  3705     
  3707     
  3711     
  3716     
  3718     
  3723     
  3728     
  3731     
  3732     
  3737     
  3739     
  3745     
  3749     
  3751     
  3763     
  3765     
  3766     
  3780     
  3781     
  3786     
  3787     
  3792     
  3794     
  3795     
  3796     
  3797     
  3800     
  3801     
  3803     
  3813     
  3815     
  3816     
  3820     
  3822     
  3830     
  3831     
  3834     
  3839     
  3844     
  3845     
  3857     
  3865     
  3867     
  3873     
  3879     
  3880     
  3881     
  3885     
  3886     
  3898     
  3903     
  3908     
  3911     
  3914     
  3915     
  3920     
  3926     
  3930     
  3933     
  3936     
  3945     
  3951     
  3957     
  3963     
  3964     
  3969     
  3977     
  3979     
  3980     
  3981     
  3988     
  3989     
  3990     
  3991     
  3992     
  3995     
  3996     
  3998     
  4002     
  4004     
  4010     
  4012     
  4016     
  4017     
  4018     
  4021     
  4022     
  4031     
  4034     
  4036     
  4039     
  4042     
  4044     
  4047     
  4048     
  4057     
  4063     
  4065     
  4066     
  4069     
  4083     
  4084     
  4086     
  4087     
  4089     
  4090     
  4093     
  4095     
  4100     
  4101     
  4108     
  4109     
  4111     
  4112     
  4122     
  4125     
  4128     
  4129     
  4131     
  4135     
  4137     
  4139     
  4140     
  4146     
  4156     
  4159     
  4163     
  4165     
  4167     
  4171     
  4176     
  4178     
  4181     
  4184     
  4188     
  4195     
  4206     
  4208     
  4214     
  4215     
  4219     
  4220     
  4223     
  4225     
  4235     
  4238     
  4240     
  4252     
  4253     
  4260     
  4264     
  4266     
  4268     
  4270     
  4276     
  4284     
  4289     
  4292     
  4295     
  4298     
  4302     
  4306     
  4314     
  4321     
  4322     
  4323     
  4324     
  4326     
  4327     
  4330     
  4331     
  4332     
  4333     
  4338     
  4339     
  4342     
  4343     
  4345     
  4347     
  4349     
  4357     
  4358     
  4363     
  4371     
  4377     
  4378     
  4380     
  4383     
  4387     
  4388     
  4392     
  4395     
  4397     
  4410     
  4413     
  4432     
  4434     
  4439     
  4441     
  4447     
  4451     
  4455     
  4456     
  4457     
  4458     
  4459     
  4463     
  4464     
  4465     
  4469     
  4470     
  4473     
  4478     
  4482     
  4488     
  4492     
  4493     
  4497     
  4500     
  4503     
  4506     
  4507     
  4512     
  4515     
  4519     
  4520     
  4522     
  4526     
  4527     
  4529     
  4530     
  4532     
  4533     
  4537     
  4538     
  4539     
  4542     
  4545     
  4551     
  4555     
  4558     
  4563     
  4569     
  4576     
  4578     
  4582     
  4584     
  4588     
  4592     
  4595     
  4596     
  4599     
  4600     
  4601     
  4607     
  4610     
  4611     
  4615     
  4626     
  4633     
  4634     
  4637     
  4643     
  4645     
  4647     
  4650     
  4655     
  4657     
  4668     
  4675     
  4679     
  4685     
  4686     
  4706     
  4716     
  4717     
  4718     
  4721     
  4722     
  4724     
  4728     
  4733     
  4734     
  4738     
  4741     
  4742     
  4750     
  4753     
  4757     
  4758     
  4760     
  4764     
  4771     
  4773     
  4775     
  4784     
  4786     
  4788     
  4791     
  4797     
  4805     
  4808     
  4811     
  4814     
  4817     
  4821     
  4824     
  4826     
  4827     
  4829     
  4832     
  4835     
  4836     
  4841     
  4845     
  4848     
  4849     
  4850     
  4853     
  4854     
  4863     
  4865     
  4872     
  4873     
  4875     
  4877     
  4878     
  4879     
  4885     
  4887     
  4889     
  4890     
  4891     
  4895     
  4898     
  4900     
  4902     
  4906     
  4907     
  4911     
  4912     
  4919     
  4922     
  4924     
  4926     
  4931     
  4932     
  4933     
  4942     
  4943     
  4950     
  4954     
  4957     
  4960     
  4961     
  4966     
  4969     
  4970     
  4975     
  4979     
  4980     
  4985     
  4990     
  4991     
  4993     
  4999     
  5001     
  5002     
  5004     
  5011     
  5016     
  5017     
  5021     
  5022     
  5025     
  5032     
  5034     
  5035     
  5037     
  5038     
  5044     
  5045     
  5049     
  5056     
  5060     
  5063     
  5064     
  5067     
  5070     
  5082     
  5088     
  5090     
  5097     
  5098     
  5105     
  5106     
  5107     
  5112     
  5113     
  5115     
  5116     
  5117     
  5120     
  5121     
  5123     
  5128     
  5137     
  5142     
  5143     
  5149     
  5152     
  5155     
  5157     
  5158     
  5166     
  5168     
  5169     
  5170     
  5175     
  5187     
  5194     
  5199     
  5200     
  5203     
  5204     
  5212     
  5213     
  5215     
  5221     
  5227     
  5230     
  5236     
  5237     
  5245     
  5261     
  5267     
  5276     
  5279     
  5281     
  5282     
  5284     
  5287     
  5290     
  5293     
  5300     
  5302     
  5305     
  5309     
  5310     
  5313     
  5314     
  5322     
  5330     
  5332     
  5335     
  5339     
  5340     
  5342     
  5344     
  5347     
  5348     
  5349     
  5350     
  5353     
  5355     
  5362     
  5367     
  5368     
  5370     
  5372     
  5374     
  5375     
  5377     
  5382     
  5384     
  5390     
  5394     
  5395     
  5397     
  5398     
  5406     
  5409     
  5410     
  5411     
  5419     
  5420     
  5422     
  5423     
  5425     
  5431     
  5435     
  5439     
  5440     
  5447     
  5448     
  5451     
  5452     
  5457     
  5459     
  5460     
  5463     
  5468     
  5469     
  5470     
  5473     
  5480     
  5486     
  5488     
  5489     
  5490     
  5493     
  5500     
  5502     
  5503     
  5520     
  5521     
  5528     
  5530     
  5532     
  5533     
  5540     
  5543     
  5549     
  5557     
  5558     
  5559     
  5564     
  5565     
  5567     
  5570     
  5571     
  5572     
  5581     
  5587     
  5589     
  5590     
  5593     
  5594     
  5595     
  5596     
  5598     
  5600     
  5601     
  5602     
  5603     
  5617     
  5620     
  5621     
  5622     
  5623     
  5628     
  5629     
  5631     
  5635     
  5641     
  5645     
  5648     
  5653     
  5654     
  5662     
  5664     
  5666     
  5667     
  5670     
  5676     
  5678     
  5680     
  5682     
  5684     
  5686     
  5689     
  5694     
  5696     
  5698     
  5701     
  5707     
  5710     
  5714     
  5715     
  5725     
  5731     
  5732     
  5733     
  5736     
  5737     
  5739     
  5740     
  5749     
  5752     
  5756     
  5761     
  5763     
  5768     
  5769     
  5770     
  5779     
  5781     
  5783     
  5788     
  5792     
  5797     
  5800     
  5801     
  5814     
  5818     
  5819     
  5826     
  5827     
  5828     
  5842     
  5847     
  5848     
  5857     
  5858     
  5860     
  5864     
  5866     
  5871     
  5872     
  5877     
  5880     
  5882     
  5883     
  5886     
  5896     
  5903     
  5906     
  5915     
  5919     
  5921     
  5922     
  5924     
  5927     
  5928     
  5929     
  5931     
  5934     
  5941     
  5948     
  5952     
  5957     
  5963     
  5967     
  5968     
  5971     
  5978     
  5979     
  5984     
  5987     
  5995     
  5999     
  6002     
  6010     
  6015     
  6017     
  6019     
  6020     
  6021     
  6025     
  6026     
  6028     
  6030     
  6031     
  6035     
  6042     
  6043     
  6045     
  6048     
  6054     
  6056     
  6057     
  6060     
  6068     
  6069     
  6072     
  6078     
  6081     
  6082     
  6083     
  6085     
  6093     
  6096     
  6100     
  6103     
  6104     
  6112     
  6116     
  6122     
  6124     
  6126     
  6129     
  6130     
  6135     
  6136     
  6137     
  6140     
  6141     
  6142     
  6144     
  6147     
  6149     
  6150     
  6151     
  6156     
  6158     
  6168     
  6172     
  6175     
  6176     
  6178     
  6183     
  6186     
  6193     
  6207     
  6208     
  6209     
  6211     
  6214     
  6215     
  6216     
  6223     
  6224     
  6226     
  6230     
  6232     
  6233     
  6235     
  6237     
  6238     
  6241     
  6246     
  6249     
  6251     
  6252     
  6259     
  6262     
  6263     
  6267     
  6271     
  6272     
  6277     
  6278     
  6280     
  6282     
  6283     
  6284     
  6286     
  6292     
  6298     
  6299     
  6303     
  6313     
  6315     
  6316     
  6317     
  6319     
  6321     
  6322     
  6323     
  6330     
  6331     
  6336     
  6337     
  6347     
  6350     
  6355     
  6361     
  6369     
  6375     
  6376     
  6379     
  6381     
  6383     
  6384     
  6386     
  6390     
  6392     
  6395     
  6397     
  6402     
  6404     
  6405     
  6413     
  6421     
  6424     
  6427     
  6428     
  6431     
  6433     
  6438     
  6439     
  6443     
  6453     
  6456     
  6458     
  6460     
  6461     
  6464     
  6465     
  6466     
  6471     
  6472     
  6473     
  6474     
  6476     
  6477     
  6479     
  6480     
  6484     
  6485     
  6490     
  6492     
  6496     
  6498     
  6500     
  6504     
  6507     
  6508     
  6514     
  6517     
  6523     
  6526     
  6528     
  6530     
  6532     
  6542     
  6546     
  6547     
  6552     
  6553     
  6559     
  6566     
  6567     
  6573     
  6578     
  6585     
  6587     
  6595     
  6596     
  6610     
  6612     
  6614     
  6615     
  6616     
  6621     
  6622     
  6629     
  6637     
  6639     
  6640     
  6653     
  6656     
  6664     
  6668     
  6669     
  6672     
  6679     
  6683     
  6684     
  6685     
  6687     
  6689     
  6696     
  6702     
  6704     
  6705     
  6708     
  6713     
  6716     
  6717     
  6721     
  6722     
  6724     
  6728     
  6729     
  6735     
  6737     
  6739     
  6746     
  6749     
  6751     
  6755     
  6758     
  6761     
  6771     
  6772     
  6773     
  6774     
  6775     
  6779     
  6780     
  6781     
  6784     
  6788     
  6793     
  6794     
  6796     
  6799     
  6804     
  6805     
  6807     
  6809     
  6810     
  6811     
  6814     
  6815     
  6816     
  6818     
  6819     
  6821     
  6823     
  6829     
  6832     
  6833     
  6834     
  6841     
  6844     
  6850     
  6852     
  6858     
  6859     
  6862     
  6865     
  6870     
  6872     
  6873     
  6877     
  6879     
  6880     
  6883     
  6889     
  6890     
  6891     
  6898     
  6911     
  6912     
  6915     
  6926     
  6927     
  6929     
  6930     
  6933     
  6936     
  6943     
  6948     
  6949     
  6951     
  6958     
  6962     
  6969     
  6971     
  6972     
  6977     
  6979     
  6981     
  6983     
  6984     
  6986     
  6989     
  6994     
  6996     
  7001     
  7006     
  7010     
  7011     
  7019     
  7023     
  7029     
  7031     
  7034     
  7036     
  7037     
  7040     
  7041     
  7043     
  7048     
  7052     
  7054     
  7062     
  7064     
  7068     
  7078     
  7081     
  7084     
  7086     
  7093     
  7095     
  7096     
  7097     
  7104     
  7115     
  7120     
  7126     
  7127     
  7128     
  7129     
  7130     
  7132     
  7133     
  7136     
  7139     
  7142     
  7144     
  7147     
  7148     
  7153     
  7157     
  7159     
  7161     
  7162     
  7168     
  7175     
  7187     
  7191     
  7197     
  7198     
  7203     
  7206     
  7207     
  7208     
  7210     
  7217     
  7223     
  7224     
  7225     
  7230     
  7235     
  7237     
  7238     
  7245     
  7248     
  7250     
  7252     
  7259     
  7262     
  7264     
  7269     
  7276     
  7277     
  7279     
  7280     
  7282     
  7284     
  7287     
  7291     
  7295     
  7296     
  7298     
  7310     
  7313     
  7314     
  7319     
  7320     
  7321     
  7322     
  7323     
  7324     
  7325     
  7327     
  7335     
  7338     
  7339     
  7345     
  7346     
  7349     
  7360     
  7362     
  7363     
  7366     
  7367     
  7369     
  7371     
  7374     
  7375     
  7379     
  7382     
  7385     
  7387     
  7394     
  7399     
  7404     
  7406     
  7413     
  7418     
  7420     
  7423     
  7424     
  7425     
  7428     
  7429     
  7431     
  7433     
  7436     
  7439     
  7441     
  7442     
  7444     
  7446     
  7450     
  7453     
  7462     
  7463     
  7466     
  7467     
  7469     
  7479     
  7488     
  7491     
  7493     
  7496     
  7497     
  7499     
  7504     
  7505     
  7508     
  7515     
  7516     
  7520     
  7525     
  7526     
  7528     
  7532     
  7539     
  7540     
  7544     
  7549     
  7550     
  7554     
  7556     
  7567     
  7568     
  7573     
  7574     
  7577     
  7589     
  7591     
  7602     
  7604     
  7607     
  7611     
  7612     
  7613     
  7614     
  7617     
  7618     
  7619     
  7627     
  7633     
  7637     
  7638     
  7640     
  7642     
  7645     
  7647     
  7649     
  7652     
  7653     
  7657     
  7661     
  7664     
  7665     
  7666     
  7668     
  7675     
  7678     
  7682     
  7692     
  7693     
  7704     
  7705     
  7708     
  7714     
  7715     
  7720     
  7722     
  7725     
  7728     
  7735     
  7736     
  7738     
  7741     
  7743     
  7744     
  7755     
  7760     
  7768     
  7772     
  7776     
  7783     
  7785     
  7786     
  7789     
  7794     
  7797     
  7801     
  7802     
  7806     
  7807     
  7809     
  7813     
  7816     
  7817     
  7819     
  7820     
  7822     
  7824     
  7832     
  7834     
  7836     
  7838     
  7839     
  7843     
  7845     
  7847     
  7852     
  7867     
  7870     
  7875     
  7882     
  7883     
  7885     
  7888     
  7890     
  7898     
  7899     
  7901     
  7902     
  7907     
  7908     
  7914     
  7920     
  7922     
  7923     
  7928     
  7930     
  7931     
  7937     
  7942     
  7955     
  7957     
  7959     
  7962     
  7967     
  7968     
  7969     
  7970     
  7972     
  7976     
  7977     
  7981     
  7983     
  7985     
  7987     
  7990     
  7991     
  7994     
  7997     
  7998     
  8003     
  8005     
  8010     
  8011     
  8017     
  8018     
  8021     
  8023     
  8027     
  8031     
  8035     
  8036     
  8038     
  8041     
  8043     
  8045     
  8052     
  8053     
  8057     
  8058     
  8067     
  8068     
  8071     
  8076     
  8077     
  8080     
  8082     
  8083     
  8086     
  8087     
  8090     
  8092     
  8097     
  8098     
  8100     
  8104     
  8107     
  8110     
  8111     
  8112     
  8113     
  8116     
  8124     
  8125     
  8129     
  8133     
  8139     
  8140     
  8141     
  8143     
  8147     
  8149     
  8150     
  8152     
  8159     
  8164     
  8169     
  8175     
  8178     
  8179     
  8181     
  8187     
  8188     
  8189     
  8193     
  8197     
  8198     
  8204     
  8208     
  8210     
  8213     
  8218     
  8226     
  8231     
  8234     
  8236     
  8237     
  8240     
  8241     
  8245     
  8249     
  8251     
  8256     
  8259     
  8261     
  8265     
  8270     
  8275     
  8281     
  8282     
  8284     
  8285     
  8286     
  8288     
  8289     
  8293     
  8295     
  8300     
  8301     
  8303     
  8304     
  8306     
  8308     
  8311     
  8314     
  8315     
  8318     
  8319     
  8320     
  8321     
  8324     
  8325     
  8338     
  8339     
  8342     
  8345     
  8346     
  8349     
  8350     
  8354     
  8358     
  8359     
  8366     
  8369     
  8371     
  8376     
  8377     
  8379     
  8382     
  8385     
  8390     
  8392     
  8393     
  8394     
  8397     
  8398     
  8401     
  8408     
  8410     
  8417     
  8424     
  8426     
  8435     
  8438     
  8444     
  8448     
  8451     
  8452     
  8454     
  8455     
  8458     
  8459     
  8463     
  8464     
  8465     
  8469     
  8471     
  8472     
  8474     
  8475     
  8476     
  8479     
  8489     
  8497     
  8498     
  8499     
  8502     
  8504     
  8505     
  8508     
  8510     
  8513     
  8521     
  8523     
  8525     
  8527     
  8531     
  8534     
  8536     
  8538     
  8541     
  8542     
  8545     
  8548     
  8549     
  8550     
  8554     
  8555     
  8558     
  8561     
  8566     
  8569     
  8571     
  8580     
  8582     
  8589     
  8591     
  8598     
  8600     
  8610     
  8611     
  8612     
  8618     
  8620     
  8621     
  8635     
  8638     
  8639     
  8640     
  8645     
  8648     
  8652     
  8656     
  8658     
  8659     
  8661     
  8662     
  8663     
  8667     
  8668     
  8672     
  8673     
  8679     
  8695     
  8697     
  8700     
  8707     
  8711     
  8713     
  8714     
  8718     
  8728     
  8734     
  8736     
  8737     
  8741     
  8742     
  8748     
  8752     
  8753     
  8756     
  8758     
  8759     
  8760     
  8764     
  8770     
  8775     
  8781     
  8782     
  8785     
  8786     
  8788     
  8790     
  8796     
  8797     
  8804     
  8807     
  8808     
  8809     
  8812     
  8819     
  8820     
  8823     
  8826     
  8829     
  8830     
  8835     
  8836     
  8844     
  8847     
  8850     
  8851     
  8855     
  8857     
  8864     
  8867     
  8870     
  8871     
  8872     
  8877     
  8883     
  8886     
  8890     
  8893     
  8895     
  8905     
  8909     
  8913     
  8916     
  8917     
  8919     
  8920     
  8922     
  8924     
  8926     
  8928     
  8932     
  8933     
  8938     
  8942     
  8944     
  8945     
  8946     
  8952     
  8956     
  8957     
  8958     
  8959     
  8964     
  8966     
  8971     
  8973     
  8974     
  8975     
  8982     
  8989     
  8994     
  9000     
  9001     
  9008     
  9009     
  9010     
  9013     
  9014     
  9015     
  9022     
  9023     
  9026     
  9027     
  9028     
  9030     
  9031     
  9032     
  9033     
  9034     
  9036     
  9037     
  9049     
  9050     
  9051     
  9055     
  9056     
  9057     
  9060     
  9064     
  9071     
  9076     
  9088     
  9100     
  9101     
  9102     
  9108     
  9111     
  9118     
  9122     
  9124     
  9130     
  9139     
  9143     
  9148     
  9154     
  9163     
  9164     
  9166     
  9167     
  9168     
  9169     
  9177     
  9178     
  9180     
  9182     
  9186     
  9190     
  9195     
  9197     
  9199     
  9202     
  9203     
  9204     
  9206     
  9209     
  9225     
  9226     
  9227     
  9231     
  9233     
  9236     
  9237     
  9240     
  9246     
  9261     
  9267     
  9276     
  9277     
  9281     
  9282     
  9288     
  9289     
  9290     
  9293     
  9295     
  9296     
  9297     
  9301     
  9310     
  9314     
  9315     
  9318     
  9320     
  9325     
  9326     
  9329     
  9334     
  9338     
  9339     
  9340     
  9341     
  9342     
  9348     
  9350     
  9351     
  9364     
  9372     
  9378     
  9382     
  9383     
  9384     
  9394     
  9397     
  9410     
  9411     
  9412     
  9415     
  9418     
  9421     
  9424     
  9432     
  9435     
  9436     
  9438     
  9440     
  9442     
  9443     
  9445     
  9446     
  9458     
  9460     
  9468     
  9477     
  9479     
  9481     
  9482     
  9484     
  9491     
  9495     
  9499     
  9501     
  9502     
  9504     
  9506     
  9508     
  9509     
  9511     
  9512     
  9513     
  9522     
  9526     
  9527     
  9528     
  9532     
  9536     
  9538     
  9539     
  9540     
  9543     
  9544     
  9547     
  9550     
  9554     
  9556     
  9566     
  9569     
  9571     
  9575     
  9576     
  9581     
  9582     
  9585     
  9587     
  9588     
  9598     
  9599     
  9602     
  9603     
  9604     
  9605     
  9615     
  9627     
  9630     
  9631     
  9632     
  9633     
  9638     
  9646     
  9647     
  9649     
  9653     
  9657     
  9658     
  9660     
  9664     
  9667     
  9669     
  9671     
  9673     
  9677     
  9678     
  9684     
  9687     
  9689     
  9691     
  9692     
  9696     
  9700     
  9717     
  9721     
  9727     
  9728     
  9735     
  9736     
  9739     
  9740     
  9741     
  9747     
  9753     
  9754     
  9756     
  9757     
  9758     
  9760     
  9761     
  9762     
  9765     
  9766     
  9772     
  9779     
  9783     
  9784     
  9785     
  9787     
  9790     
  9792     
  9794     
  9797     
  9806     
  9813     
  9823     
  9827     
  9839     
  9843     
  9846     
  9849     
  9850     
  9851     
  9855     
  9858     
  9863     
  9865     
  9869     
  9870     
  9872     
  9874     
  9876     
  9884     
  9886     
  9889     
  9898     
  9901     
  9903     
  9905     
  9906     
  9911     
  9942     
  9947     
  9952     
  9967     
  9968     
  9969     
  9972     
  9993     
  9994     
  9996     
  10005     
  10007     
  10008     
  10012     
  10014     
  10018     
  10029     
  10034     
  10036     
  10041     
  10053     
  10057     
  10063     
  10072     
  10076     
  10088     
  10090     
  10106     
  10115     
  10131     
  10142     
  10168     
  10172     
  10178     
  10184     
  10195     
  10205     
  10215     
  10216     
  10239     
  10243     
  10249     
  10251     
  10261     
  10269     
  10285     
  10293     
  10295     
  10307     
  10311     
  10334     
  10360     
  10400     
  10455     
  10693     
  10718     
  10762     
  10791     
  10792     
  10808     
  10823     
  10841     
  10847     
  10858     
  10875     
  10882     
  10887     
  10908     
  10909     
  10921     
  10938     
  10939     
  10943     
  10961     
  10962     
  10964     
  10969     
  10975     
  10977     
  10978     
  10983     
  11002     
  11008     
  11019     
  11026     
  11030     
  11032     
  11044     
  11053     
  11054     
  11073     
  11075     
  11086     
  11087     
  11089     
  11100     
  11101     
  11111     
  11136     
  11142     
  11157     
  11159     
  11164     
  11179     
  11183     
  11184     
  11223     
  11225     
  11233     
  11234     
  11244     
  11248     
  11252     
  11261     
  11263     
  11271     
  11274     
  11282     
  11289     
  11294     
  11297     
  11300     
  11311     
  11320     
  11337     
  11345     
  11351     
  11354     
  11355     
  11357     
  11369     
  11373     
  11374     
  11391     
  11395     
  11401     
  11406     
  11413     
  11416     
  11419     
  11423     
  11431     
  11435     
  11440     
  11448     
  11449     
  11456     
  11463     
  11467     
  11472     
  11473     
  11477     
  11490     
  11496     
  11499     
  11500     
  11501     
  11506     
  11508     
  11509     
  11517     
  11523     
  11524     
  11531     
  11532     
  11534     
  11540     
  11542     
  11545     
  11549     
  11554     
  11555     
  11560     
  11571     
  11572     
  11573     
  11575     
  11576     
  11579     
  11583     
  11585     
  11591     
  11597     
  11601     
  11608     
  11609     
  11610     
  11617     
  11618     
  11619     
  11620     
  11621     
  11624     
  11625     
  11627     
  11637     
  11641     
  11643     
  11650     
  11651     
  11658     
  11659     
  11663     
  11664     
  11667     
  11680     
  11686     
  11692     
  11694     
  11696     
  11701     
  11703     
  11704     
  11706     
  11707     
  11713     
  11720     
  11724     
  11729     
  11738     
  11747     
  11748     
  11749     
  11754     
  11755     
  11763     
  11769     
  11770     
  11775     
  11779     
  11780     
  11785     
  11791     
  11796     
  11797     
  11799     
  11800     
  11807     
  11808     
  11817     
  11822     
  11823     
  11824     
  11828     
  11829     
  11830     
  11831     
  11843     
  11848     
  11852     
  11853     
  11854     
  11857     
  11858     
  11871     
  11872     
  11886     
  11893     
  11894     
  11900     
  11908     
  11911     
  11916     
  11917     
  11922     
  11932     
  11933     
  11934     
  11945     
  11951     
  11953     
  11965     
  11969     
  11977     
  11983     
  11984     
  11987     
  11988     
  11999     
  12000     
  12001     
  12011     
  12012     
  12014     
  12020     
  12021     
  12025     
  12029     
  12030     
  12036     
  12039     
  12040     
  12044     
  12047     
  12048     
  12056     
  12063     
  12068     
  12070     
  12071     
  12076     
  12084     
  12085     
  12090     
  12098     
  12102     
  12112     
  12115     
  12116     
  12120     
  12124     
  12126     
  12141     
  12142     
  12143     
  12144     
  12159     
  12160     
  12161     
  12168     
  12171     
  12174     
  12197     
  12202     
  12206     
  12212     
  12217     
  12225     
  12227     
  12228     
  12232     
  12233     
  12235     
  12237     
  12241     
  12250     
  12254     
  12262     
  12263     
  12264     
  12277     
  12285     
  12290     
  12302     
  12306     
  12318     
  12337     
  12346     
  12347     
  12351     
  12352     
  12356     
  12357     
  12358     
  12362     
  12367     
  12374     
  12375     
  12382     
  12383     
  12386     
  12392     
  12393     
  12403     
  12409     
  12419     
  12422     
  12430     
  12431     
  12438     
  12440     
  12444     
  12448     
  12452     
  12457     
  12458     
  12462     
  12465     
  12467     
  12468     
  12469     
  12470     
  12476     
  12478     
  12486     
  12491     
  12494     
  12495     
  12496     
  12503     
  12511     
  12526     
  12531     
  12532     
  12537     
  12543     
  12546     
  12549     
  12558     
  12561     
  12567     
  12569     
  12570     
  12585     
  12586     
  12588     
  12589     
  12594     
  12600     
  12605     
  12608     
  12611     
  12614     
  12615     
  12620     
  12635     
  12637     
  12638     
  12643     
  12644     
  12646     
  12655     
  12656     
  12664     
  12665     
  12666     
  12667     
  12668     
  12681     
  12685     
  12686     
  12688     
  12692     
  12693     
  12701     
  12702     
  12705     
  12706     
  12707     
  12713     
  12718     
  12722     
  12730     
  12732     
  12736     
  12737     
  12739     
  12746     
  12750     
  12759     
  12760     
  12761     
  12762     
  12775     
  12776     
  12780     
  12783     
  12784     
  12789     
  12793     
  12794     
  12797     
  12801     
  12802     
  12812     
  12817     
  12818     
  12819     
  12820     
  12824     
  12827     
  12829     
  12830     
  12831     
  12838     
  12845     
  12851     
  12852     
  12859     
  12860     
  12865     
  12866     
  12868     
  12869     
  12870     
  12871     
  12873     
  12882     
  12886     
  12887     
  12889     
  12890     
  12894     
  12895     
  12907     
  12908     
  12912     
  12913     
  12914     
  12915     
  12916     
  12919     
  12922     
  12924     
  12929     
  12931     
  12939     
  12943     
  12944     
  12948     
  12949     
  12950     
  12955     
  12956     
  12957     
  12958     
  12961     
  12962     
  12967     
  12968     
  12969     
  12973     
  12976     
  12977     
  12980     
  12984     
  12985     
  12987     
  12988     
  12991     
  12994     
  12995     
  12999     
  13000     
  13003     
  13004     
  13007     
  13008     
  13009     
  13015     
  13017     
  13021     
  13022     
  13026     
  13027     
  13028     
  13029     
  13030     
  13031     
  13034     
  13035     
  13039     
  13041     
  13046     
  13048     
  13049     
  13050     
  13054     
  13055     
  13056     
  13065     
  13066     
  13067     
  13070     
  13071     
  13072     
  13084     
  13085     
  13086     
  13088     
  13089     
  13091     
  13095     
  13098     
  13099     
  13100     
  13103     
  13104     
  13106     
  13107     
  13108     
  13109     
  13111     
  13112     
  13113     
  13115     
  13121     
  13122     
  13123     
  13127     
  13129     
  13130     
  13131     
  13132     
  13133     
  13134     
  13139     
  13140     
  13141     
  13144     
  13146     
  13151     
  13152     
  13153     
  13154     
  13156     
  13157     
  13159     
  13160     
  13161     
  13162     
  13169     
  13171     
  13172     
  13173     
  13175     
  13176     
  13177     
  13179     
  13180     
  13181     
  13182     
  13185     
  13186     
  13187     
  13188     
  13190     
  13191     
  13192     
  13196     
  13197     
  13202     
  13204     
  13208     
  13210     
  13211     
  13212     
  13214     
  13215     
  13216     
  13217     
  13218     
  13219     
  13221     
  13224     
  13225     
  13227     
  13228     
  13229     
  13236     
  13239     
  13240     
  13241     
  13242     
  13245     
  13248     
  13249     
  13253     
  13254     
  13257     
  13264     
  13266     
  13267     
  13268     
  13269     
  13270     
  13271     
  13273     
  13280     
  13281     
  13282     
  13283     
  13288     
  13289     
  13290     
  13291     
  13292     
  13293     
  13296     
  13297     
  13300     
  13301     
  13306     
  13307     
  13308     
  13309     
  13313     
  13316     
  13317     
  13318     
  13319     
  13320     
  13323     
  13324     
  13325     
  13326     
  13328     
  13329     
  13330     
  13332     
  13333     
  13334     
  13336     
  13339     
  13340     
  13342     
  13345     
  13346     
  13347     
  13351     
  13352     
  13354     
  13357     
  13358     
  13361     
  13362     
  13363     
  13364     
  13365     
  13366     
  13367     
  13370     
  13371     
  13372     
  13373     
  13374     
  13379     
  13382     
  13383     
  13384     
  13385     
  13386     
  13387     
  13388     
  13391     
  13396     
  13397     
  13398     
  13399     
  13400     
  13401     
  13403     
  13405     
  13406     
  13407     
  13410     
  13411     
  13415     
  13416     
  13417     
  13418     
  13421     
  13423     
  13424     
  13426     
  13427     
  13429     
  13431     
  13433     
  13434     
  13435     
  13436     
  13437     
  13438     
  13441     
  13442     
  13446     
  13447     
  13449     
  13450     
  13452     
  13453     
  13454     
  13457     
  13458     
  13461     
  13462     
  13463     
  13465     
  13466     
  13467     
  13470     
  13471     
  13472     
  13474     
  13475     
  13476     
  13477     
  13478     
  13481     
  13483     
  13488     
  13489     
  13490     
  13493     
  13494     
  13495     
  13496     
  13497     
  13500     
  13501     
  13502     
  13503     
  13505     
  13506     
  13507     
  13508     
  13509     
  13512     
  13513     
  13515     
  13516     
  13517     
  13518     
  13519     
  13520     
  13521     
  13522     
  13524     
  13525     
  13526     
  13528     
  13529     
  13530     
  13533     
  13534     
  13535     
  13536     
  13537     
  13538     
  13539     
  13541     
  13542     
  13543     
  13544     
  13545     
  13546     
  13547     
  13549     
  13550     
  13552     
  13553     
  13554     
  13555     
  13556     
  13557     
  13559     
  13561     
  13562     
  13563     
  13564     
  13567     
  13568     
  13569     
  13570     
  13571     
  13572     
  13573     
  13574     
  13575     
  13580     
  13581     
  13582     
  13583     
  13584     
  13585     
  13589     
  13590     
  13592     
  13593     
  13594     
  13595     
  13596     
  13597     
  13598     
  13601     
  13602     
  13603     
  13604     
  13606     
  13607     
  13610     
  13611     
  13612     
  13613     
  13614     
  13615     
  13616     
  13617     
  13618     
  13619     
  13620     
  13623     
  13624     
  13626     
  13627     
  13630     
  13635     
  13636     
  13638     
  13639     
  13640     
  13641     
  13642     
  13646     
  13647     
  13648     
  13649     
  13650     
  13651     
  13654     
  13655     
  13657     
  13658     
  13659     
  13661     
  13662     
  13663     
  13664     
  13667     
  13669     
  13670     
  13671     
  13672     
  13674     
  13675     
  13676     
  13677     
  13680     
  13681     
  13682     
  13683     
  13684     
  13686     
  13687     
  13688     
  13689     
  13691     
  13692     
  13697     
  13698     
  13699     
  13700     
  13701     
  13702     
  13706     
  13707     
  13708     
  13709     
  13710     
  13711     
  13712     
  13713     
  13714     
  13719     
  13720     
  13721     
  13722     
  13723     
  13724     
  13726     
  13727     
  13728     
  13729     
  13730     
  13731     
  13733     
  13737     
  13738     
  13739     
  13740     
  13741     
  13742     
  13744     
  13745     
  13746     
  13747     
  13749     
  13751     
  13752     
  13753     
  13754     
  13755     
  13756     
  13757     
  13758     
  13760     
  13761     
  13762     
  13764     
  13765     
  13766     
  13768     
  13769     
  13770     
  13771     
  13772     
  13773     
  13774     
  13775     
  13776     
  13777     
  13778     
  13779     
  13780     
  13781     
  13783     
  13786     
  13787     
  13790     
  13791     
  13792     
  13793     
  13794     
  13795     
  13796     
  13797     
  13798     
  13800     
  13801     
  13802     
  13803     
  13804     
  13805     
  13807     
  13808     
  13809     
  13810     
  13814     
  13815     
  13817     
  13818     
  13819     
  13822     
  13823     
  13824     
  13825     
  13827     
  13828     
  13829     
  13830     
  13832     
  13833     
  13834     
  13835     
  13837     
  13839     
  13840     
  13841     
  13842     
  13844     
  13845     
  13846     
  13849     
  13850     
  13851     
  13852     
  13853     
  13856     
  13858     
  13859     
  13860     
  13861     
  13863     
  13864     
  13865     
  13866     
  13867     
  13869     
  13870     
  13871     
  13872     
  13873     
  13874     
  13877     
  13878     
  13879     
  13880     
  13885     
  13886     
  13887     
  13888     
  13889     
  13891     
  13892     
  13893     
  13894     
  13895     
  13896     
  13897     
  13898     
  13899     
  13900     
  13903     
  13904     
  13907     
  13910     
  13911     
  13913     
  13914     
  13915     
  13917     
  13918     
  13919     
  13920     
  13922     
  13923     
  13925     
  13926     
  13927     
  13928     
  13930     
  13933     
  13934     
  13935     
  13936     
  13937     
  13939     
  13940     
  13941     
  13942     
  13943     
  13946     
  13947     
  13948     
  13952     
  13953     
  13954     
  13955     
  13956     
  13957     
  13958     
  13959     
  13960     
  13961     
  13962     
  13963     
  13964     
  13965     
  13966     
  13967     
  13968     
  13970     
  13971     
  13973     
  13974     
  13977     
  13978     
  13981     
  13982     
  13983     
  13984     
  13985     
  13986     
  13987     
  13989     
  13990     
  13991     
  13992     
  13996     
  13997     
  13998     
  13999     
  14000     
  14001     
  14002     
  14003     
  14005     
  14006     
  14007     
  14008     
  14010     
  14011     
  14013     
  14014     
  14015     
  14016     
  14017     
  14018     
  14022     
  14023     
  14024     
  14026     
  14027     
  14028     
  14029     
  14031     
  14032     
  14036     
  14037     
  14038     
  14043     
  14044     
  14045     
  14046     
  14047     
  14048     
  14049     
  14050     
  14051     
  14053     
  14054     
  14055     
  14057     
  14058     
  14059     
  14060     
  14064     
  14066     
  14067     
  14069     
  14070     
  14072     
  14076     
  14077     
  14078     
  14079     
  14080     
  14082     
  14083     
  14084     
  14085     
  14086     
  14087     
  14088     
  14089     
  14090     
  14091     
  14092     
  14093     
  14094     
  14095     
  14097     
  14098     
  14099     
  14100     
  14105     
  14106     
  14108     
  14111     
  14112     
  14113     
  14114     
  14115     
  14116     
  14119     
  14120     
  14121     
  14123     
  14124     
  14125     
  14127     
  14128     
  14129     
  14130     
  14132     
  14133     
  14134     
  14136     
  14139     
  14140     
  14141     
  14143     
  14147     
  14148     
  14149     
  14151     
  14152     
  14155     
  14156     
  14157     
  14161     
  14162     
  14163     
  14165     
  14166     
  14167     
  14168     
  14169     
  14170     
  14171     
  14172     
  14173     
  14175     
  14176     
  14178     
  14179     
  14180     
  14183     
  14184     
  14185     
  14186     
  14187     
  14189     
  14190     
  14192     
  14193     
  14194     
  14197     
  14198     
  14200     
  14201     
  14202     
  14203     
  14206     
  14208     
  14209     
  14210     
  14211     
  14213     
  14214     
  14216     
  14217     
  14219     
  14220     
  14221     
  14222     
  14223     
  14224     
  14227     
  14228     
  14229     
  14230     
  14231     
  14232     
  14234     
  14236     
  14237     
  14238     
  14239     
  14240     
  14241     
  14242     
  14243     
  14244     
  14245     
  14246     
  14247     
  14248     
  14250     
  14251     
  14252     
  14253     
  14254     
  14255     
  14258     
  14260     
  14261     
  14262     
  14263     
  14264     
  14265     
  14266     
  14267     
  14268     
  14269     
  14271     
  14272     
  14274     
  14275     
  14277     
  14278     
  14280     
  14281     
  14283     
  14284     
  14286     
  14287     
  14288     
  14289     
  14294     
  14296     
  14297     
  14298     
  14299     
  14300     
  14302     
  14303     
  14305     
  14306     
  14307     
  14309     
  14310     
  14311     
  14312     
  14313     
  14315     
  14316     
  14317     
  14318     
  14321     
  14323     
  14325     
  14326     
  14327     
  14328     
  14329     
  14332     
  14333     
  14334     
  14335     
  14337     
  14338     
  14339     
  14340     
  14343     
  14344     
  14347     
  14348     
  14351     
  14352     
  14353     
  14354     
  14356     
  14357     
  14358     
  14359     
  14360     
  14362     
  14364     
  14365     
  14367     
  14368     
  14371     
  14373     
  14374     
  14375     
  14376     
  14378     
  14379     
  14380     
  14382     
  14386     
  14387     
  14388     
  14389     
  14390     
  14391     
  14397     
  14398     
  14399     
  14400     
  14401     
  14402     
  14406     
  14409     
  14413     
  14415     
  14416     
  14419     
  14420     
  14421     
  14422     
  14424     
  14428     
  14431     
  14432     
  14435     
  14436     
  14440     
  14442     
  14445     
  14449     
  14451     
  14452     
  14453     
  14455     
  14458     
  14459     
  14460     
  14463     
  14467     
  14472     
  14473     
  14474     
  14477     
  14478     
  14480     
  14482     
  14483     
  14487     
  14496     
  14498     
  14501     
  14502     
  14503     
  14508     
  14514     
  14517     
  14520     
  14522     
  14524     
  14530     
  14533     
  14536     
  14537     
  14543     
  14545     
  14548     
  14549     
  14550     
  14554     
  14556     
  14559     
  14560     
  14563     
  14564     
  14570     
  14571     
  14572     
  14574     
  14578     
  14579     
  14581     
  14582     
  14585     
  14588     
  14589     
  14591     
  14592     
  14593     
  14596     
  14598     
  14605     
  14607     
  14608     
  14609     
  14610     
  14613     
  14615     
  14618     
  14621     
  14623     
  14625     
  14626     
  14632     
  14633     
  14637     
  14638     
  14642     
  14643     
  14645     
  14647     
  14648     
  14649     
  14650     
  14651     
  14659     
  14664     
  14667     
  14668     
  14671     
  14676     
  14677     
  14682     
  14690     
  14693     
  14694     
  14695     
  14701     
  14703     
  14704     
  14708     
  14711     
  14713     
  14720     
  14721     
  14722     
  14724     
  14730     
  14741     
  14742     
  14743     
  14744     
  14745     
  14746     
  14749     
  14753     
  14755     
  14767     
  14768     
  14778     
  14784     
  14787     
  14792     
  14802     
  14811     
  14813     
  14815     
  14817     
  14821     
  14824     
  14825     
  14829     
  14841     
  14842     
  14852     
  14856     
  14862     
  14865     
  14867     
  14870     
  14872     
  14877     
  14879     
  14881     
  14891     
  14896     
  14897     
  14989     
  14996     
  15026     
  15030     
  15032     
  15033     
  15034     
  15035     
  15036     
  15057     
  15059     
  15078     
  15080     
  15081     
  15082     
  15088     
  15093     
  15095     
  15098     
  15100     
  15102     
  15104     
  15121     
  15122     
  15123     
  15124     
  15125     
  15126     
  15127     
  15128     
  15130     
  15131     
  15132     
  15133     
  15134     
  15135     
  15136     
  15137     
  15138     
  15139     
  15140     
  15141     
  15143     
  15144     
  15145     
  15146     
  15147     
  15148     
  15149     
  15150     
  15151     
  15153     
  15162     
  15173     


































	}
	manpower=0
	buildings_max_level_factor=1.000
}
