
state={
	id=170
	name="STATE_170"
	provinces={
		255 459 807 1082 1161 1200 1487 1879 2340 2388 2542 2596 2661 2921 3025 3332 3369 3379 3529 3539 3686 3708 3744 3888 3938 4103 4374 4386 4427 4462 4489 4690 4839 4871 4929 4958 5292 5522 5569 5735 6051 6162 6163 6574 6792 6828 6917 7368 7422 7552 7571 7601 7750 7879 7887 8174 8248 8335 8341 8573 8686 8800 8822 8863 8968 8996 8999 9062 9068 9084 9086 9257 9356 9563 9803 9899 11205 11227 11231 11250 11266 11268 11301 11324 11330 11335 11341 11348 11361 11366 11372 11382 11386 11389 11398 11405 11408 11410 11411 11425 11430 11437 11438 11443 11446 11451 11462 11466 11469 11474 11482 11489 11493 11538 11539 11541 11544 11551 11559 11586 11587 11589 11594 11595 11630 11634 11644 11660 11669 11698 11734 11752 15077 15084 15085 15086 15087 
	}
	manpower=0
	buildings_max_level_factor=1.000
}
