
state={
	id=172
	name="STATE_172"
	provinces={
		85 632 684 1291 1327 1503 1514 1658 1837 1848 1867 2019 2162 2222 2267 2306 2418 2586 2747 3232 3326 3374 3581 3940 4450 4460 4623 4804 4807 4894 5023 5066 5416 5808 6152 6179 6231 6343 6765 6813 6924 6963 7058 7177 7278 7509 7632 7689 7733 7829 7854 8065 8081 8227 8278 8532 8894 8992 9157 9327 9328 9510 9635 9659 9704 9716 9807 11038 11091 11103 11109 11120 11123 11131 11132 11133 11134 11139 11150 11168 11171 11173 11176 11177 11187 11207 11213 11218 11232 11241 11247 11251 11260 11267 11280 11299 11306 11316 11331 11332 11333 11349 11362 11367 11380 11400 11412 11417 11433 11434 11444 11445 11447 11452 11454 11471 11475 11476 
	}
	manpower=0
	buildings_max_level_factor=1.000
}
