
state={
	id=183
	name="STATE_183"
	provinces={
		28 31 182 240 314 371 477 744 943 949 1337 1628 1660 1799 1961 2088 2090 2441 2590 2790 2817 2844 2877 2992 3023 3054 3076 3209 3336 3575 3720 3965 4020 4120 4301 4422 4438 4651 4968 5164 5190 5193 5226 5404 5445 5591 5597 5734 6160 6174 6400 6556 6635 6667 6864 6950 7085 7107 7228 7669 7938 7953 7956 8171 8357 8381 8533 8544 8792 8801 8907 9105 9159 9271 9284 9595 9679 9686 9705 9990 10000 10004 10017 10040 10062 10087 10096 10102 10138 10144 10149 10150 10151 10160 10162 10167 10189 10196 10200 10204 10209 10212 10228 10238 10245 10246 10259 10272 10290 10304 17252 17308 17318 17319 17323 
	}
	manpower=0
	buildings_max_level_factor=1.000
}
