
state={
	id=184
	name="STATE_184"
	provinces={
		359 464 469 1114 1183 1346 1394 1680 1708 1761 1919 1921 2006 2011 2595 2605 2788 2801 2973 3024 3219 3676 4071 4094 4541 4740 4759 5062 5673 5751 5815 5943 6248 6388 6536 6605 6686 7167 7219 7473 7676 7939 8327 8814 8862 9012 9053 9211 9811 9956 9980 9997 10002 10020 10031 10042 10054 10067 10070 10071 10079 10080 10089 10091 10093 10095 10104 10105 10107 10118 10119 10121 10123 10124 10130 10133 17234 17244 17262 17270 17278 17280 17284 17285 17289 17291 17292 17293 17294 17295 17296 17297 17298 17300 17302 17304 17305 
	}
	manpower=0
	buildings_max_level_factor=1.000
}
