
state={
	id=185
	name="STATE_185"
	provinces={
		50 55 158 213 269 374 384 390 395 713 764 784 990 1225 1346 1421 1513 1614 1654 1966 2011 2063 2081 2268 2303 2524 2611 2822 2859 2919 2969 2977 2984 3309 3629 3912 3985 4019 4155 4207 4236 4450 4460 4487 4505 4726 5036 5138 5177 5239 5346 5720 5900 5944 6046 6133 6152 6189 6341 6388 6442 6533 6632 6743 7212 7304 7522 7562 7792 7818 7951 8026 8029 8703 8866 8921 8997 9274 9327 9873 9962 9973 9989 10068 10074 10108 10110 10165 10566 10595 10613 10661 10700 10704 10721 10730 10752 10773 10778 10790 10793 10794 10800 10811 10821 10825 10833 10864 10896 10906 10935 11014 11047 11069 11072 11079 11110 11141 11148 11154 11178 11209 11258 11260 11317 11336 11363 11364 11368 11383 17324 17357 17361 17368 17375 
	}
	manpower=0
	buildings_max_level_factor=1.000
}
