
state={
	id=612
	name="STATE_612"
	provinces={
		236 375 434 566 710 840 1033 1128 1298 1330 1334 1347 1376 1387 1424 1701 2020 2055 2110 2336 2536 2582 2607 2637 2663 2766 2767 2815 2932 3003 3121 3210 3447 3542 3798 3819 3874 3972 4132 4162 4258 4280 4406 4490 4496 4590 4609 4646 4800 4897 5059 5091 5179 5361 5441 5474 5505 5606 5700 6218 6254 6289 6304 6333 6440 6457 6570 6576 6590 6634 6830 7009 7089 7401 7699 7765 7800 7844 8167 8272 8405 8449 8570 8729 8730 8900 8903 8915 9106 9183 9311 9336 9346 9426 9530 9549 9578 12354 12379 12380 12395 12400 12417 12424 12425 12446 12455 12459 12460 12477 12498 12499 12505 12506 12513 12520 12534 12541 12542 12547 12572 12573 12629 12634 12636 12645 12648 12654 12660 12671 12672 12680 12698 12704 12725 12742 12743 12744 12749 12768 12811 
	}
	manpower=0
	buildings_max_level_factor=1.000
}
