
state={
	id=956
	name="STATE_956"
	provinces={
		3 35 63 93 104 112 130 164 190 192 194 225 266 271 290 312 347 354 378 392 420 450 502 526 578 621 657 689 717 803 849 900 915 940 970 1039 1070 1072 1073 1084 1190 1192 1214 1224 1229 1247 1397 1414 1429 1488 1538 1556 1572 1591 1603 1707 1730 1773 1782 1816 1903 1928 1976 1992 2057 2085 2140 2141 2161 2269 2283 2377 2379 2410 2464 2508 2570 2608 2630 2711 2716 2745 2798 2899 2927 2935 2950 2963 3036 3107 3161 3180 3190 3237 3295 3501 3534 3594 3647 3661 3682 3691 3710 3730 3785 3808 3832 3851 3860 3900 3902 3955 3970 4051 4148 4200 4203 4304 4313 4329 4419 4454 4589 4593 4766 4770 4934 4940 4996 5000 5061 5437 5443 5483 5487 5501 5534 5583 5588 5624 5742 5777 5949 6001 6004 6008 6058 6128 6227 6273 6296 6372 6393 6487 6529 6534 6607 6756 6764 6855 6967 7101 7124 7253 7261 7311 7355 7403 7494 7518 7593 7634 7740 7742 7857 7877 8024 8183 8190 8222 8242 8368 8374 8383 8466 8524 8603 8717 8732 8733 9380 9473 9474 9492 9529 9574 9589 9841 13234 13420 13469 13560 13653 13660 13673 13909 13972 13993 14062 14065 14073 14096 14101 14104 14137 14158 14159 14181 14196 14257 14293 14319 14342 14345 14346 14366 14405 14412 14426 14454 14461 14476 14481 14491 14540 14544 14546 14553 14569 14601 14614 14628 14630 
	}
	manpower=0
	buildings_max_level_factor=1.000
}
